Time, Mps, SystemCpu
0, 0, 1.0
1, 4641, 0.9649122807017544
2, 25893, 0.8965071151358344
3, 467218, 0.7487046632124352
4, 715637, 0.7159383033419022
5, 742093, 0.6879063719115736
6, 719835, 0.7012987012987013
7, 711555, 0.6901960784313725
8, 721043, 0.6901041666666666
9, 721332, 0.6906946264744429
10, 711124, 0.6981627296587926
11, 707434, 0.6795366795366795
12, 680188, 0.7109375
13, 713051, 0.675392670157068
14, 724098, 0.7188755020080322
15, 713698, 0.6950904392764858
16, 717965, 0.6952624839948783
17, 718263, 0.7057291666666666
18, 731777, 0.6993548387096774
19, 731128, 0.6878238341968912
20, 723728, 0.6935064935064935
21, 737038, 0.6966145833333333
22, 719866, 0.6870925684485006
23, 728884, 0.705045278137128
24, 726200, 0.6967741935483871
25, 733350, 0.6901960784313725
26, 733629, 0.6930051813471503
27, 672685, 0.7044270833333333
28, 312704, 0.7658730158730158
29, 310662, 0.7917222963951936
30, 310818, 0.7749667110519308
31, 278235, 0.7657295850066934
32, 286461, 0.8192612137203167
33, 312310, 0.7697368421052633
34, 541365, 0.728
35, 715837, 0.6770833333333333
36, 723377, 0.7014157014157014
37, 725460, 0.7035110533159947
38, 723564, 0.7043701799485862
39, 725990, 0.6795865633074936
40, 723877, 0.693717277486911
41, 726171, 0.685640362225097
42, 728352, 0.7011795543905636
43, 713430, 0.6857142857142857
44, 300848, 0.7854304635761589
45, 312747, 0.7798408488063661
46, 302090, 0.7923280423280423
47, 306185, 0.7785145888594165
48, 309196, 0.767379679144385
49, 314002, 0.7730870712401056
50, 311499, 0.766355140186916
51, 693358, 0.6942257217847769
52, 704756, 0.6921086675291074
53, 710387, 0.6727272727272727
54, 711529, 0.6897435897435897
55, 728575, 0.6981865284974093
56, 715212, 0.6744487678339819
57, 703910, 0.6801566579634465
58, 424362, 0.766798418972332
59, 307756, 0.7822045152722443
60, 303851, 0.7841059602649006
61, 309618, 0.7583444592790387
62, 305675, 0.790450928381963
63, 298035, 0.7857142857142857
64, 537739, 0.716931216931217
65, 711858, 0.6949152542372882
66, 716623, 0.686046511627907
67, 724724, 0.6818181818181819
68, 713426, 0.6950904392764858
69, 701743, 0.7080103359173127
70, 715729, 0.6852331606217616
71, 419765, 0.748993288590604
72, 308321, 0.7894039735099339
73, 310051, 0.7881578947368421
74, 297171, 0.7774834437086093
75, 312284, 0.7655629139072848
76, 307872, 0.7609561752988048
77, 550782, 0.6944818304172276
78, 709441, 0.6866840731070496
79, 716856, 0.6925064599483204
80, 726400, 0.6949152542372881
81, 717312, 0.6921086675291074
82, 720908, 0.696969696969697
83, 720507, 0.6988265971316819
84, 715029, 0.6894329896907216
85, 467214, 0.7588466579292267
86, 311553, 0.7587131367292225
87, 314132, 0.776158940397351
88, 298745, 0.7666666666666667
89, 302440, 0.7606951871657754
90, 304366, 0.7861885790172642
91, 567445, 0.7135278514588859
92, 719837, 0.6871727748691099
93, 725140, 0.6948051948051949
94, 720738, 0.6861979166666667
95, 726137, 0.6873385012919896
96, 722944, 0.6899224806201549
97, 712335, 0.6835278858625162
98, 635933, 0.6997389033942559
99, 305065, 0.7529722589167768
100, 308271, 0.7583444592790387
101, 314668, 0.7644683714670255
102, 303233, 0.7752659574468086
103, 306540, 0.7721179624664879
104, 306589, 0.7606382978723404
105, 634581, 0.7096354166666666
106, 735009, 0.7073170731707317
107, 715588, 0.6775032509752926
108, 720998, 0.7071240105540898
109, 717212, 0.6852331606217616
110, 720923, 0.683794466403162
111, 725461, 0.7009102730819246
112, 727849, 0.6911196911196912
113, 470231, 0.786649214659686
114, 301680, 0.7762982689747004
115, 291572, 0.7405812701829925
116, 251545, 0.7542372881355932
117, 303540, 0.774406332453826
118, 309748, 0.7886944818304172
119, 309850, 0.7836411609498681
120, 300637, 0.7459893048128342
121, 544100, 0.7054886211512718
122, 717662, 0.690694626474443
123, 719687, 0.7051114023591089
124, 721626, 0.6848958333333333
125, 724062, 0.694408322496749
126, 724926, 0.6948051948051949
127, 741295, 0.6910039113428944
128, 721805, 0.6975228161668839
129, 334759, 0.7651821862348178
130, 308825, 0.7801324503311258
131, 308341, 0.7758620689655172
132, 280410, 0.7797062750333777
133, 290467, 0.7649402390438247
134, 289285, 0.7702523240371846
135, 652342, 0.6840731070496084
136, 692000, 0.6874189364461738
137, 691232, 0.703125
138, 685401, 0.6760925449871465
139, 681127, 0.6866840731070496
140, 692400, 0.6904145077720207
141, 690257, 0.6895213454075032
142, 582253, 0.709592641261498
143, 294122, 0.7621621621621621
144, 287569, 0.7776315789473685
145, 289989, 0.7570093457943925
146, 297661, 0.7836411609498681
147, 289697, 0.7546419098143237
148, 287950, 0.7603748326639893
149, 650000, 0.6810457516339868
150, 683665, 0.6802096985583224
151, 691396, 0.6972833117723156
152, 683845, 0.6653491436100132
153, 693597, 0.6857142857142857
154, 689721, 0.6966145833333334
155, 703993, 0.6771653543307087
156, 405234, 0.7546666666666666
157, 294550, 0.7827260458839406
158, 298038, 0.7602108036890646
159, 283517, 0.7746666666666667
160, 294122, 0.7783711615487316
161, 301005, 0.7783711615487316
162, 292861, 0.7610146862483311
163, 313407, 0.7654155495978552
164, 682824, 0.6950904392764857
165, 687891, 0.6783854166666667
166, 701931, 0.6853055916775033
167, 682767, 0.6879795396419437
168, 696236, 0.6977950713359273
169, 689500, 0.7029831387808042
170, 689283, 0.6846254927726676
171, 690349, 0.6948051948051948
172, 315459, 0.7567567567567568
173, 298923, 0.7629139072847682
174, 283252, 0.8029294274300931
175, 300933, 0.7559055118110236
176, 298492, 0.7801324503311258
177, 290204, 0.7801324503311259
178, 291959, 0.7833981841763944
179, 526487, 0.7083888149134487
180, 690354, 0.681045751633987
181, 682572, 0.6796368352788587
182, 699054, 0.7020725388601037
183, 690843, 0.6809895833333333
184, 686691, 0.6989664082687338
185, 688859, 0.673656618610747
186, 464893, 0.7421052631578947
187, 295677, 0.7584856396866841
188, 293304, 0.7755644090305445
189, 292774, 0.776595744680851
190, 300007, 0.7736842105263158
191, 290946, 0.7540322580645161
192, 408274, 0.7175368139223561
193, 685014, 0.6714659685863874
194, 674481, 0.6823529411764705
195, 686466, 0.6752910737386805
196, 698402, 0.6935064935064935
197, 689722, 0.6779220779220779
198, 686232, 0.6888888888888889
199, 647918, 0.6878238341968912
200, 286371, 0.7748344370860927
201, 293911, 0.746268656716418
202, 301215, 0.7749667110519307
203, 287758, 0.7808764940239044
204, 293461, 0.7803234501347709
205, 285206, 0.7556440903054449
206, 377870, 0.7341430499325237
207, 688062, 0.6832460732984292
208, 691484, 0.6892950391644909
209, 676658, 0.6867779204107831
210, 694554, 0.6810457516339868
211, 697225, 0.6901960784313725
212, 694118, 0.6809338521400778
213, 694675, 0.6828309305373526
214, 691103, 0.6906005221932114
215, 512571, 0.7354497354497354
216, 289992, 0.7540322580645161
217, 294364, 0.7629139072847683
218, 286742, 0.7666666666666667
219, 278971, 0.8140770252324038
220, 297253, 0.7699468085106382
221, 296332, 0.7651006711409396
222, 297972, 0.7768924302788844
223, 588762, 0.6767810026385225
224, 675289, 0.6865482233502538
225, 695925, 0.6870925684485006
226, 692905, 0.6791237113402061
227, 683091, 0.6880733944954128
228, 680129, 0.6744487678339818
229, 669210, 0.7005141388174807
230, 629228, 0.711139896373057
231, 293221, 0.7651006711409396
232, 304542, 0.7659574468085106
233, 249245, 0.7793923381770146
234, 298450, 0.7811671087533156
235, 295045, 0.7580213903743316
236, 300262, 0.7493333333333333
237, 291704, 0.7813333333333333
238, 291030, 0.7655629139072847
239, 674185, 0.6814044213263979
240, 673748, 0.6765463917525772