1410014466872, 1410014467113, the, 1
1410014467108, 1410014467116, cow, 1
1410014467109, 1410014467117, jumped, 1
1410014467109, 1410014467118, over, 1
1410014467110, 1410014467121, the, 2
1410014467111, 1410014467121, moon, 1
1410014467112, 1410014467121, the, 3
1410014467113, 1410014467122, cow, 2
1410014467114, 1410014467123, jumped, 2
1410014467114, 1410014467123, over, 2
1410014467115, 1410014467124, the, 4
1410014467116, 1410014467125, moon, 2
1410014467116, 1410014467125, the, 5
1410014467120, 1410014467126, cow, 3
1410014467121, 1410014467126, jumped, 3
1410014467121, 1410014467127, over, 3
1410014467122, 1410014467127, the, 6
1410014467124, 1410014467128, moon, 3
1410014467174, 1410014467176, the, 7
1410014467175, 1410014467177, cow, 4
1410014467175, 1410014467178, jumped, 4
1410014467176, 1410014467180, over, 4
1410014467177, 1410014467180, the, 8
1410014467177, 1410014467181, moon, 4
1410014467275, 1410014467276, the, 9
1410014467275, 1410014467277, cow, 5
1410014467275, 1410014467278, jumped, 5
1410014467276, 1410014467278, over, 5
1410014467277, 1410014467279, the, 10
1410014467278, 1410014467280, moon, 5
1410014467375, 1410014467377, the, 11
1410014467376, 1410014467378, cow, 6
1410014467377, 1410014467379, jumped, 6
1410014467377, 1410014467380, over, 6
1410014467378, 1410014467381, the, 12
1410014467379, 1410014467382, moon, 6
1410014467476, 1410014467478, the, 13
1410014467476, 1410014467479, cow, 7
1410014467477, 1410014467480, jumped, 7
1410014467478, 1410014467482, over, 7
1410014467479, 1410014467483, the, 14
1410014467482, 1410014467484, moon, 7
1410014467576, 1410014467578, the, 15
1410014467577, 1410014467579, cow, 8
1410014467577, 1410014467580, jumped, 8
1410014467578, 1410014467581, over, 8
1410014467580, 1410014467582, the, 16
1410014467580, 1410014467583, moon, 8
1410014467677, 1410014467679, the, 17
1410014467678, 1410014467680, cow, 9
1410014467678, 1410014467681, jumped, 9
1410014467679, 1410014467682, over, 9
1410014467680, 1410014467682, the, 18
1410014467681, 1410014467683, moon, 9
1410014467778, 1410014467780, the, 19
1410014467779, 1410014467781, cow, 10
1410014467780, 1410014467782, jumped, 10
1410014467781, 1410014467783, over, 10
1410014467781, 1410014467784, the, 20
1410014467782, 1410014467784, moon, 10
1410014467878, 1410014467880, the, 21
1410014467879, 1410014467881, cow, 11
1410014467880, 1410014467882, jumped, 11
1410014467881, 1410014467883, over, 11
1410014467882, 1410014467885, the, 22
1410014467882, 1410014467885, moon, 11
1410014467979, 1410014467981, the, 23
1410014467980, 1410014467982, cow, 12
1410014467980, 1410014467983, jumped, 12
1410014467981, 1410014467984, over, 12
1410014467982, 1410014467984, the, 24
1410014467982, 1410014467985, moon, 12
1410014468079, 1410014468082, the, 25
1410014468080, 1410014468083, cow, 13
1410014468081, 1410014468084, jumped, 13
1410014468082, 1410014468084, over, 13
1410014468082, 1410014468085, the, 26
1410014468083, 1410014468086, moon, 13
1410014468180, 1410014468182, the, 27
1410014468181, 1410014468183, cow, 14
1410014468181, 1410014468184, jumped, 14
1410014468183, 1410014468185, over, 14
1410014468183, 1410014468186, the, 28
1410014468184, 1410014468187, moon, 14
1410014468281, 1410014468283, the, 29
1410014468282, 1410014468284, cow, 15
1410014468282, 1410014468285, jumped, 15
1410014468283, 1410014468285, over, 15
1410014468284, 1410014468286, the, 30
1410014468284, 1410014468287, moon, 15
1410014468381, 1410014468383, the, 31
1410014468382, 1410014468384, cow, 16
1410014468382, 1410014468385, jumped, 16
1410014468383, 1410014468386, over, 16
1410014468384, 1410014468387, the, 32
1410014468385, 1410014468387, moon, 16
1410014468482, 1410014468484, the, 33
1410014468483, 1410014468485, cow, 17
1410014468483, 1410014468486, jumped, 17
1410014468484, 1410014468487, over, 17
1410014468485, 1410014468488, the, 34
1410014468486, 1410014468489, moon, 17
1410014468583, 1410014468585, the, 35
1410014468584, 1410014468586, cow, 18
1410014468584, 1410014468587, jumped, 18
1410014468585, 1410014468588, over, 18
1410014468586, 1410014468588, the, 36
1410014468587, 1410014468589, moon, 18
1410014468683, 1410014468685, the, 37
1410014468684, 1410014468686, cow, 19
1410014468684, 1410014468687, jumped, 19
1410014468685, 1410014468688, over, 19
1410014468686, 1410014468688, the, 38
1410014468686, 1410014468689, moon, 19
1410014468784, 1410014468786, the, 39
1410014468785, 1410014468787, cow, 20
1410014468786, 1410014468788, jumped, 20
1410014468787, 1410014468789, over, 20
1410014468787, 1410014468790, the, 40
1410014468789, 1410014468790, moon, 20
1410014468884, 1410014468886, the, 41
1410014468885, 1410014468887, cow, 21
1410014468885, 1410014468888, jumped, 21
1410014468886, 1410014468888, over, 21
1410014468887, 1410014468889, the, 42
1410014468887, 1410014468890, moon, 21
1410014468985, 1410014468987, the, 43
1410014468986, 1410014468988, cow, 22
1410014468987, 1410014468989, jumped, 22
1410014468987, 1410014468990, over, 22
1410014468988, 1410014468991, the, 44
1410014468989, 1410014468991, moon, 22
1410014469086, 1410014469088, the, 45
1410014469087, 1410014469089, cow, 23
1410014469088, 1410014469090, jumped, 23
1410014469089, 1410014469091, over, 23
1410014469089, 1410014469092, the, 46
1410014469090, 1410014469092, moon, 23
1410014469186, 1410014469188, the, 47
1410014469187, 1410014469189, cow, 24
1410014469188, 1410014469189, jumped, 24
1410014469188, 1410014469190, over, 24
1410014469189, 1410014469191, the, 48
1410014469189, 1410014469191, moon, 24
1410014469287, 1410014469289, the, 49
1410014469288, 1410014469290, cow, 25
1410014469288, 1410014469291, jumped, 25
1410014469289, 1410014469291, over, 25
1410014469290, 1410014469292, the, 50
1410014469290, 1410014469293, moon, 25
1410014469388, 1410014469390, the, 51
1410014469390, 1410014469391, cow, 26
1410014469391, 1410014469392, jumped, 26
1410014469391, 1410014469393, over, 26
1410014469392, 1410014469394, the, 52
1410014469393, 1410014469394, moon, 26
1410014469488, 1410014469490, the, 53
1410014469488, 1410014469491, cow, 27
1410014469489, 1410014469492, jumped, 27
1410014469490, 1410014469492, over, 27
1410014469491, 1410014469493, the, 54
1410014469492, 1410014469493, moon, 27
1410014469588, 1410014469590, the, 55
1410014469589, 1410014469591, cow, 28
1410014469589, 1410014469591, jumped, 28
1410014469590, 1410014469592, over, 28
1410014469591, 1410014469593, the, 56
1410014469592, 1410014469594, moon, 28
1410014469689, 1410014469691, the, 57
1410014469690, 1410014469692, cow, 29
1410014469690, 1410014469693, jumped, 29
1410014469691, 1410014469693, over, 29
1410014469691, 1410014469694, the, 58
1410014469692, 1410014469695, moon, 29
1410014469789, 1410014469791, the, 59
1410014469789, 1410014469792, cow, 30
1410014469790, 1410014469792, jumped, 30
1410014469791, 1410014469793, over, 30
1410014469791, 1410014469794, the, 60
1410014469792, 1410014469794, moon, 30
1410014469890, 1410014469892, the, 61
1410014469890, 1410014469893, cow, 31
1410014469891, 1410014469893, jumped, 31
1410014469891, 1410014469893, over, 31
1410014469892, 1410014469894, the, 62
1410014469893, 1410014469895, moon, 31
1410014469990, 1410014469992, the, 63
1410014469991, 1410014469993, cow, 32
1410014469991, 1410014469994, jumped, 32
1410014469992, 1410014469994, over, 32
1410014469993, 1410014469995, the, 64
1410014469993, 1410014469996, moon, 32
1410014470091, 1410014470093, the, 65
1410014470092, 1410014470094, cow, 33
1410014470092, 1410014470094, jumped, 33
1410014470093, 1410014470095, over, 33
1410014470094, 1410014470095, the, 66
1410014470094, 1410014470096, moon, 33
1410014470192, 1410014470193, the, 67
1410014470193, 1410014470194, cow, 34
1410014470193, 1410014470195, jumped, 34
1410014470194, 1410014470196, over, 34
1410014470195, 1410014470197, the, 68
1410014470196, 1410014470197, moon, 34
1410014470292, 1410014470294, the, 69
1410014470292, 1410014470295, cow, 35
1410014470293, 1410014470296, jumped, 35
1410014470294, 1410014470297, over, 35
1410014470295, 1410014470298, the, 70
1410014470295, 1410014470298, moon, 35
1410014470393, 1410014470395, the, 71
1410014470394, 1410014470396, cow, 36
1410014470394, 1410014470396, jumped, 36
1410014470395, 1410014470397, over, 36
1410014470395, 1410014470398, the, 72
1410014470396, 1410014470398, moon, 36
1410014470493, 1410014470495, the, 73
1410014470493, 1410014470496, cow, 37
1410014470494, 1410014470497, jumped, 37
1410014470495, 1410014470498, over, 37
1410014470495, 1410014470498, the, 74
1410014470496, 1410014470499, moon, 37
1410014470594, 1410014470596, the, 75
1410014470594, 1410014470597, cow, 38
1410014470595, 1410014470598, jumped, 38
1410014470596, 1410014470599, over, 38
1410014470596, 1410014470599, the, 76
1410014470597, 1410014470600, moon, 38
1410014470695, 1410014470697, the, 77
1410014470696, 1410014470698, cow, 39
1410014470696, 1410014470699, jumped, 39
1410014470697, 1410014470699, over, 39
1410014470697, 1410014470700, the, 78
1410014470698, 1410014470701, moon, 39
1410014470796, 1410014470797, the, 79
1410014470796, 1410014470798, cow, 40
1410014470796, 1410014470799, jumped, 40
1410014470797, 1410014470800, over, 40
1410014470798, 1410014470801, the, 80
1410014470798, 1410014470802, moon, 40
1410014470896, 1410014470898, the, 81
1410014470897, 1410014470899, cow, 41
1410014470898, 1410014470900, jumped, 41
1410014470899, 1410014470901, over, 41
1410014470899, 1410014470902, the, 82
1410014470900, 1410014470903, moon, 41
1410014470996, 1410014470998, the, 83
1410014470996, 1410014470999, cow, 42
1410014470997, 1410014470999, jumped, 42
1410014470998, 1410014471000, over, 42
1410014470998, 1410014471001, the, 84
1410014470999, 1410014471001, moon, 42
1410014471097, 1410014471099, the, 85
1410014471098, 1410014471100, cow, 43
1410014471099, 1410014471101, jumped, 43
1410014471099, 1410014471102, over, 43
1410014471100, 1410014471103, the, 86
1410014471101, 1410014471104, moon, 43
1410014471197, 1410014471199, the, 87
1410014471197, 1410014471199, cow, 44
1410014471198, 1410014471200, jumped, 44
1410014471199, 1410014471201, over, 44
1410014471199, 1410014471202, the, 88
1410014471200, 1410014471202, moon, 44
1410014471298, 1410014471300, the, 89
1410014471298, 1410014471301, cow, 45
1410014471299, 1410014471302, jumped, 45
1410014471300, 1410014471302, over, 45
1410014471301, 1410014471304, the, 90
1410014471301, 1410014471304, moon, 45
1410014471399, 1410014471399, the, 91
1410014471399, 1410014471400, cow, 46
1410014471399, 1410014471400, jumped, 46
1410014471399, 1410014471401, over, 46
1410014471401, 1410014471402, the, 92
1410014471401, 1410014471403, moon, 46
1410014471499, 1410014471501, the, 93
1410014471499, 1410014471502, cow, 47
1410014471500, 1410014471502, jumped, 47
1410014471501, 1410014471503, over, 47
1410014471501, 1410014471504, the, 94
1410014471502, 1410014471504, moon, 47
1410014471599, 1410014471601, the, 95
1410014471600, 1410014471602, cow, 48
1410014471600, 1410014471602, jumped, 48
1410014471601, 1410014471603, over, 48
1410014471602, 1410014471604, the, 96
1410014471602, 1410014471605, moon, 48
1410014471699, 1410014471701, the, 97
1410014471699, 1410014471702, cow, 49
1410014471700, 1410014471703, jumped, 49
1410014471701, 1410014471704, over, 49
1410014471702, 1410014471704, the, 98
1410014471702, 1410014471705, moon, 49
1410014471800, 1410014471801, the, 99
1410014471800, 1410014471801, cow, 50
1410014471800, 1410014471802, jumped, 50
1410014471801, 1410014471803, over, 50
1410014471801, 1410014471804, the, 100
1410014471802, 1410014471804, moon, 50
1410014471900, 1410014471902, the, 101
1410014471901, 1410014471903, cow, 51
1410014471901, 1410014471904, jumped, 51
1410014471902, 1410014471904, over, 51
1410014471903, 1410014471905, the, 102
1410014471903, 1410014471906, moon, 51
1410014472000, 1410014472002, the, 103
1410014472000, 1410014472003, cow, 52
1410014472001, 1410014472004, jumped, 52
1410014472002, 1410014472004, over, 52
1410014472002, 1410014472005, the, 104
1410014472003, 1410014472006, moon, 52
1410014472100, 1410014472102, the, 105
1410014472101, 1410014472103, cow, 53
1410014472101, 1410014472104, jumped, 53
1410014472102, 1410014472105, over, 53
1410014472103, 1410014472106, the, 106
1410014472104, 1410014472107, moon, 53
1410014472200, 1410014472202, the, 107
1410014472200, 1410014472203, cow, 54
1410014472201, 1410014472204, jumped, 54
1410014472202, 1410014472205, over, 54
1410014472202, 1410014472206, the, 108
1410014472203, 1410014472207, moon, 54
1410014472301, 1410014472304, the, 109
1410014472302, 1410014472305, cow, 55
1410014472302, 1410014472305, jumped, 55
1410014472303, 1410014472306, over, 55
1410014472304, 1410014472307, the, 110
1410014472304, 1410014472307, moon, 55
1410014472401, 1410014472403, the, 111
1410014472401, 1410014472403, cow, 56
1410014472402, 1410014472404, jumped, 56
1410014472403, 1410014472405, over, 56
1410014472403, 1410014472405, the, 112
1410014472404, 1410014472406, moon, 56
1410014472501, 1410014472503, the, 113
1410014472501, 1410014472504, cow, 57
1410014472502, 1410014472505, jumped, 57
1410014472503, 1410014472506, over, 57
1410014472504, 1410014472507, the, 114
1410014472505, 1410014472508, moon, 57
1410014472602, 1410014472604, the, 115
1410014472603, 1410014472605, cow, 58
1410014472603, 1410014472606, jumped, 58
1410014472604, 1410014472607, over, 58
1410014472605, 1410014472608, the, 116
1410014472606, 1410014472609, moon, 58
1410014472702, 1410014472704, the, 117
1410014472703, 1410014472705, cow, 59
1410014472703, 1410014472706, jumped, 59
1410014472704, 1410014472707, over, 59
1410014472704, 1410014472708, the, 118
1410014472705, 1410014472708, moon, 59
1410014472803, 1410014472805, the, 119
1410014472804, 1410014472806, cow, 60
1410014472804, 1410014472807, jumped, 60
1410014472805, 1410014472807, over, 60
1410014472805, 1410014472808, the, 120
1410014472806, 1410014472809, moon, 60
1410014472904, 1410014472906, the, 121
1410014472904, 1410014472907, cow, 61
1410014472905, 1410014472907, jumped, 61
1410014472906, 1410014472908, over, 61
1410014472907, 1410014472908, the, 122
1410014472907, 1410014472909, moon, 61
1410014473004, 1410014473006, the, 123
1410014473004, 1410014473007, cow, 62
1410014473005, 1410014473007, jumped, 62
1410014473006, 1410014473008, over, 62
1410014473006, 1410014473008, the, 124
1410014473007, 1410014473009, moon, 62
1410014473104, 1410014473106, the, 125
1410014473104, 1410014473107, cow, 63
1410014473105, 1410014473108, jumped, 63
1410014473106, 1410014473109, over, 63
1410014473107, 1410014473110, the, 126
1410014473107, 1410014473111, moon, 63
1410014473204, 1410014473206, the, 127
1410014473205, 1410014473207, cow, 64
1410014473205, 1410014473208, jumped, 64
1410014473206, 1410014473208, over, 64
1410014473207, 1410014473209, the, 128
1410014473208, 1410014473212, moon, 64
1410014473304, 1410014473306, the, 129
1410014473305, 1410014473307, cow, 65
1410014473305, 1410014473308, jumped, 65
1410014473306, 1410014473309, over, 65
1410014473307, 1410014473310, the, 130
1410014473307, 1410014473311, moon, 65
1410014473405, 1410014473407, the, 131
1410014473406, 1410014473408, cow, 66
1410014473406, 1410014473409, jumped, 66
1410014473407, 1410014473409, over, 66
1410014473407, 1410014473410, the, 132
1410014473408, 1410014473411, moon, 66
1410014473505, 1410014473507, the, 133
1410014473505, 1410014473508, cow, 67
1410014473506, 1410014473509, jumped, 67
1410014473507, 1410014473509, over, 67
1410014473507, 1410014473510, the, 134
1410014473508, 1410014473511, moon, 67
1410014473605, 1410014473607, the, 135
1410014473605, 1410014473608, cow, 68
1410014473606, 1410014473608, jumped, 68
1410014473607, 1410014473609, over, 68
1410014473608, 1410014473610, the, 136
1410014473608, 1410014473610, moon, 68
1410014473705, 1410014473707, the, 137
1410014473705, 1410014473708, cow, 69
1410014473706, 1410014473708, jumped, 69
1410014473706, 1410014473709, over, 69
1410014473707, 1410014473710, the, 138
1410014473708, 1410014473710, moon, 69
1410014473805, 1410014473807, the, 139
1410014473805, 1410014473808, cow, 70
1410014473806, 1410014473808, jumped, 70
1410014473807, 1410014473809, over, 70
1410014473807, 1410014473810, the, 140
1410014473808, 1410014473811, moon, 70
1410014473906, 1410014473908, the, 141
1410014473907, 1410014473908, cow, 71
1410014473907, 1410014473909, jumped, 71
1410014473908, 1410014473909, over, 71
1410014473909, 1410014473910, the, 142
1410014473909, 1410014473911, moon, 71
1410014474006, 1410014474008, the, 143
1410014474006, 1410014474009, cow, 72
1410014474007, 1410014474009, jumped, 72
1410014474008, 1410014474010, over, 72
1410014474008, 1410014474011, the, 144
1410014474009, 1410014474012, moon, 72
1410014474107, 1410014474109, the, 145
1410014474107, 1410014474110, cow, 73
1410014474108, 1410014474111, jumped, 73
1410014474109, 1410014474111, over, 73
1410014474109, 1410014474112, the, 146
1410014474110, 1410014474113, moon, 73
1410014474207, 1410014474209, the, 147
1410014474207, 1410014474209, cow, 74
1410014474208, 1410014474210, jumped, 74
1410014474209, 1410014474211, over, 74
1410014474209, 1410014474212, the, 148
1410014474210, 1410014474213, moon, 74
1410014474308, 1410014474310, the, 149
1410014474309, 1410014474311, cow, 75
1410014474309, 1410014474311, jumped, 75
1410014474310, 1410014474312, over, 75
1410014474311, 1410014474312, the, 150
1410014474311, 1410014474313, moon, 75
1410014474408, 1410014474410, the, 151
1410014474408, 1410014474411, cow, 76
1410014474409, 1410014474412, jumped, 76
1410014474409, 1410014474413, over, 76
1410014474410, 1410014474414, the, 152
1410014474411, 1410014474415, moon, 76
1410014474509, 1410014474510, the, 153
1410014474509, 1410014474511, cow, 77
1410014474510, 1410014474512, jumped, 77
1410014474510, 1410014474512, over, 77
1410014474511, 1410014474513, the, 154
1410014474512, 1410014474514, moon, 77
1410014474609, 1410014474611, the, 155
1410014474609, 1410014474612, cow, 78
1410014474610, 1410014474613, jumped, 78
1410014474611, 1410014474614, over, 78
1410014474611, 1410014474615, the, 156
1410014474612, 1410014474616, moon, 78
1410014474710, 1410014474712, the, 157
1410014474711, 1410014474713, cow, 79
1410014474712, 1410014474714, jumped, 79
1410014474712, 1410014474714, over, 79
1410014474713, 1410014474715, the, 158
1410014474713, 1410014474716, moon, 79
1410014474810, 1410014474812, the, 159
1410014474810, 1410014474813, cow, 80
1410014474811, 1410014474813, jumped, 80
1410014474812, 1410014474814, over, 80
1410014474812, 1410014474815, the, 160
1410014474813, 1410014474816, moon, 80
1410014474911, 1410014474913, the, 161
1410014474911, 1410014474914, cow, 81
1410014474912, 1410014474915, jumped, 81
1410014474913, 1410014474916, over, 81
1410014474913, 1410014474916, the, 162
1410014474914, 1410014474917, moon, 81
1410014475011, 1410014475013, the, 163
1410014475011, 1410014475014, cow, 82
1410014475012, 1410014475014, jumped, 82
1410014475013, 1410014475015, over, 82
1410014475013, 1410014475016, the, 164
1410014475014, 1410014475017, moon, 82
1410014475111, 1410014475113, the, 165
1410014475112, 1410014475114, cow, 83
1410014475112, 1410014475115, jumped, 83
1410014475113, 1410014475115, over, 83
1410014475113, 1410014475116, the, 166
1410014475114, 1410014475116, moon, 83
1410014475212, 1410014475213, the, 167
1410014475213, 1410014475214, cow, 84
1410014475214, 1410014475215, jumped, 84
1410014475214, 1410014475216, over, 84
1410014475215, 1410014475217, the, 168
1410014475216, 1410014475217, moon, 84
1410014475312, 1410014475314, the, 169
1410014475312, 1410014475314, cow, 85
1410014475313, 1410014475315, jumped, 85
1410014475313, 1410014475316, over, 85
1410014475314, 1410014475316, the, 170
1410014475315, 1410014475317, moon, 85
1410014475412, 1410014475414, the, 171
1410014475413, 1410014475415, cow, 86
1410014475413, 1410014475416, jumped, 86
1410014475414, 1410014475416, over, 86
1410014475414, 1410014475417, the, 172
1410014475415, 1410014475418, moon, 86
1410014475513, 1410014475515, the, 173
1410014475513, 1410014475516, cow, 87
1410014475514, 1410014475516, jumped, 87
1410014475515, 1410014475517, over, 87
1410014475516, 1410014475518, the, 174
1410014475517, 1410014475519, moon, 87
1410014475614, 1410014475616, the, 175
1410014475614, 1410014475617, cow, 88
1410014475615, 1410014475618, jumped, 88
1410014475616, 1410014475618, over, 88
1410014475617, 1410014475619, the, 176
1410014475617, 1410014475619, moon, 88
1410014475714, 1410014475716, the, 177
1410014475714, 1410014475717, cow, 89
1410014475715, 1410014475717, jumped, 89
1410014475716, 1410014475718, over, 89
1410014475716, 1410014475719, the, 178
1410014475717, 1410014475719, moon, 89
1410014475815, 1410014475816, the, 179
1410014475815, 1410014475817, cow, 90
1410014475816, 1410014475818, jumped, 90
1410014475816, 1410014475819, over, 90
1410014475817, 1410014475820, the, 180
1410014475818, 1410014475820, moon, 90
1410014475915, 1410014475917, the, 181
1410014475915, 1410014475917, cow, 91
1410014475916, 1410014475918, jumped, 91
1410014475916, 1410014475919, over, 91
1410014475917, 1410014475919, the, 182
1410014475918, 1410014475922, moon, 91
1410014476015, 1410014476017, the, 183
1410014476016, 1410014476018, cow, 92
1410014476016, 1410014476018, jumped, 92
1410014476017, 1410014476019, over, 92
1410014476017, 1410014476019, the, 184
1410014476018, 1410014476020, moon, 92
1410014476116, 1410014476118, the, 185
1410014476116, 1410014476119, cow, 93
1410014476117, 1410014476120, jumped, 93
1410014476117, 1410014476121, over, 93
1410014476118, 1410014476121, the, 186
1410014476118, 1410014476122, moon, 93
1410014476217, 1410014476218, the, 187
1410014476217, 1410014476219, cow, 94
1410014476218, 1410014476220, jumped, 94
1410014476218, 1410014476221, over, 94
1410014476219, 1410014476222, the, 188
1410014476220, 1410014476222, moon, 94
1410014476318, 1410014476319, the, 189
1410014476318, 1410014476320, cow, 95
1410014476318, 1410014476321, jumped, 95
1410014476319, 1410014476322, over, 95
1410014476320, 1410014476323, the, 190
1410014476321, 1410014476323, moon, 95
1410014476418, 1410014476420, the, 191
1410014476418, 1410014476421, cow, 96
1410014476419, 1410014476422, jumped, 96
1410014476420, 1410014476423, over, 96
1410014476420, 1410014476423, the, 192
1410014476421, 1410014476424, moon, 96
1410014476518, 1410014476520, the, 193
1410014476518, 1410014476520, cow, 97
1410014476519, 1410014476521, jumped, 97
1410014476519, 1410014476522, over, 97
1410014476520, 1410014476522, the, 194
1410014476521, 1410014476523, moon, 97
1410014476619, 1410014476621, the, 195
1410014476619, 1410014476621, cow, 98
1410014476620, 1410014476622, jumped, 98
1410014476620, 1410014476623, over, 98
1410014476621, 1410014476624, the, 196
1410014476622, 1410014476625, moon, 98
1410014476720, 1410014476722, the, 197
1410014476720, 1410014476723, cow, 99
1410014476721, 1410014476723, jumped, 99
1410014476721, 1410014476724, over, 99
1410014476722, 1410014476725, the, 198
1410014476723, 1410014476726, moon, 99
1410014476821, 1410014476821, the, 199
1410014476821, 1410014476822, cow, 100
1410014476821, 1410014476823, jumped, 100
1410014476822, 1410014476824, over, 100
1410014476822, 1410014476825, the, 200
1410014476823, 1410014476825, moon, 100
1410014476921, 1410014476922, the, 201
1410014476921, 1410014476923, cow, 101
1410014476922, 1410014476924, jumped, 101
1410014476923, 1410014476925, over, 101
1410014476923, 1410014476925, the, 202
1410014476924, 1410014476926, moon, 101
1410014477021, 1410014477023, the, 203
1410014477021, 1410014477023, cow, 102
1410014477022, 1410014477024, jumped, 102
1410014477022, 1410014477025, over, 102
1410014477023, 1410014477026, the, 204
1410014477023, 1410014477026, moon, 102
1410014477121, 1410014477123, the, 205
1410014477121, 1410014477124, cow, 103
1410014477122, 1410014477125, jumped, 103
1410014477123, 1410014477126, over, 103
1410014477123, 1410014477127, the, 206
1410014477124, 1410014477128, moon, 103
1410014477222, 1410014477224, the, 207
1410014477223, 1410014477225, cow, 104
1410014477223, 1410014477226, jumped, 104
1410014477224, 1410014477227, over, 104
1410014477225, 1410014477227, the, 208
1410014477225, 1410014477228, moon, 104
1410014477322, 1410014477325, the, 209
1410014477323, 1410014477326, cow, 105
1410014477324, 1410014477326, jumped, 105
1410014477324, 1410014477327, over, 105
1410014477325, 1410014477327, the, 210
1410014477326, 1410014477328, moon, 105
1410014477423, 1410014477425, the, 211
1410014477423, 1410014477425, cow, 106
1410014477424, 1410014477426, jumped, 106
1410014477425, 1410014477427, over, 106
1410014477426, 1410014477427, the, 212
1410014477426, 1410014477428, moon, 106
1410014477523, 1410014477525, the, 213
1410014477523, 1410014477526, cow, 107
1410014477524, 1410014477526, jumped, 107
1410014477525, 1410014477527, over, 107
1410014477525, 1410014477527, the, 214
1410014477526, 1410014477528, moon, 107
1410014477624, 1410014477626, the, 215
1410014477624, 1410014477627, cow, 108
1410014477625, 1410014477627, jumped, 108
1410014477626, 1410014477628, over, 108
1410014477626, 1410014477629, the, 216
1410014477627, 1410014477629, moon, 108
1410014477724, 1410014477726, the, 217
1410014477724, 1410014477727, cow, 109
1410014477725, 1410014477727, jumped, 109
1410014477726, 1410014477728, over, 109
1410014477726, 1410014477729, the, 218
1410014477727, 1410014477730, moon, 109
1410014477824, 1410014477826, the, 219
1410014477824, 1410014477827, cow, 110
1410014477825, 1410014477827, jumped, 110
1410014477826, 1410014477828, over, 110
1410014477826, 1410014477828, the, 220
1410014477827, 1410014477829, moon, 110
1410014477925, 1410014477927, the, 221
1410014477925, 1410014477927, cow, 111
1410014477926, 1410014477928, jumped, 111
1410014477927, 1410014477929, over, 111
1410014477928, 1410014477930, the, 222
1410014477928, 1410014477931, moon, 111
1410014478025, 1410014478027, the, 223
1410014478025, 1410014478027, cow, 112
1410014478026, 1410014478028, jumped, 112
1410014478026, 1410014478029, over, 112
1410014478027, 1410014478030, the, 224
1410014478027, 1410014478030, moon, 112
1410014478126, 1410014478127, the, 225
1410014478126, 1410014478128, cow, 113
1410014478126, 1410014478128, jumped, 113
1410014478126, 1410014478129, over, 113
1410014478127, 1410014478130, the, 226
1410014478127, 1410014478131, moon, 113
1410014478225, 1410014478228, the, 227
1410014478226, 1410014478228, cow, 114
1410014478227, 1410014478229, jumped, 114
1410014478227, 1410014478230, over, 114
1410014478228, 1410014478231, the, 228
1410014478228, 1410014478232, moon, 114
1410014478327, 1410014478329, the, 229
1410014478327, 1410014478330, cow, 115
1410014478328, 1410014478330, jumped, 115
1410014478328, 1410014478331, over, 115
1410014478329, 1410014478331, the, 230
1410014478329, 1410014478332, moon, 115
1410014478428, 1410014478430, the, 231
1410014478428, 1410014478431, cow, 116
1410014478429, 1410014478431, jumped, 116
1410014478429, 1410014478432, over, 116
1410014478430, 1410014478432, the, 232
1410014478431, 1410014478433, moon, 116
1410014478528, 1410014478530, the, 233
1410014478528, 1410014478530, cow, 117
1410014478529, 1410014478531, jumped, 117
1410014478529, 1410014478532, over, 117
1410014478530, 1410014478532, the, 234
1410014478531, 1410014478533, moon, 117
1410014478629, 1410014478631, the, 235
1410014478629, 1410014478631, cow, 118
1410014478630, 1410014478632, jumped, 118
1410014478631, 1410014478633, over, 118
1410014478632, 1410014478634, the, 236
1410014478633, 1410014478634, moon, 118
1410014478729, 1410014478732, the, 237
1410014478730, 1410014478732, cow, 119
1410014478731, 1410014478733, jumped, 119
1410014478731, 1410014478734, over, 119
1410014478732, 1410014478734, the, 238
1410014478732, 1410014478734, moon, 119
1410014478830, 1410014478832, the, 239
1410014478830, 1410014478833, cow, 120
1410014478831, 1410014478833, jumped, 120
1410014478831, 1410014478834, over, 120
1410014478832, 1410014478834, the, 240
1410014478832, 1410014478835, moon, 120
1410014478931, 1410014478933, the, 241
1410014478931, 1410014478934, cow, 121
1410014478932, 1410014478935, jumped, 121
1410014478933, 1410014478935, over, 121
1410014478933, 1410014478936, the, 242
1410014478934, 1410014478937, moon, 121
1410014479031, 1410014479033, the, 243
1410014479031, 1410014479033, cow, 122
1410014479032, 1410014479034, jumped, 122
1410014479033, 1410014479035, over, 122
1410014479033, 1410014479036, the, 244
1410014479034, 1410014479036, moon, 122
1410014479132, 1410014479134, the, 245
1410014479132, 1410014479134, cow, 123
1410014479133, 1410014479135, jumped, 123
1410014479133, 1410014479136, over, 123
1410014479134, 1410014479136, the, 246
1410014479135, 1410014479137, moon, 123
1410014479233, 1410014479234, the, 247
1410014479233, 1410014479235, cow, 124
1410014479234, 1410014479235, jumped, 124
1410014479234, 1410014479236, over, 124
1410014479234, 1410014479237, the, 248
1410014479235, 1410014479237, moon, 124
1410014479333, 1410014479335, the, 249
1410014479334, 1410014479335, cow, 125
1410014479334, 1410014479336, jumped, 125
1410014479335, 1410014479337, over, 125
1410014479335, 1410014479338, the, 250
1410014479336, 1410014479338, moon, 125
1410014479433, 1410014479435, the, 251
1410014479433, 1410014479435, cow, 126
1410014479434, 1410014479436, jumped, 126
1410014479455, 1410014479458, over, 126
1410014479456, 1410014479458, the, 252
1410014479456, 1410014479459, moon, 126
1410014479534, 1410014479536, the, 253
1410014479535, 1410014479537, cow, 127
1410014479535, 1410014479537, jumped, 127
1410014479536, 1410014479538, over, 127
1410014479536, 1410014479538, the, 254
1410014479537, 1410014479538, moon, 127
1410014479635, 1410014479637, the, 255
1410014479635, 1410014479637, cow, 128
1410014479636, 1410014479637, jumped, 128
1410014479636, 1410014479638, over, 128
1410014479637, 1410014479638, the, 256
1410014479637, 1410014479639, moon, 128
1410014479735, 1410014479737, the, 257
1410014479736, 1410014479738, cow, 129
1410014479736, 1410014479738, jumped, 129
1410014479737, 1410014479739, over, 129
1410014479737, 1410014479739, the, 258
1410014479738, 1410014479740, moon, 129
1410014479834, 1410014479837, the, 259
1410014479835, 1410014479838, cow, 130
1410014479835, 1410014479839, jumped, 130
1410014479836, 1410014479840, over, 130
1410014479837, 1410014479841, the, 260
1410014479837, 1410014479842, moon, 130
1410014479935, 1410014479937, the, 261
1410014479935, 1410014479938, cow, 131
1410014479936, 1410014479938, jumped, 131
1410014479936, 1410014479939, over, 131
1410014479937, 1410014479940, the, 262
1410014479937, 1410014479941, moon, 131
1410014480036, 1410014480037, the, 263
1410014480036, 1410014480038, cow, 132
1410014480037, 1410014480039, jumped, 132
1410014480037, 1410014480039, over, 132
1410014480038, 1410014480040, the, 264
1410014480038, 1410014480041, moon, 132
1410014480136, 1410014480138, the, 265
1410014480136, 1410014480139, cow, 133
1410014480137, 1410014480140, jumped, 133
1410014480138, 1410014480141, over, 133
1410014480138, 1410014480141, the, 266
1410014480139, 1410014480142, moon, 133
1410014480236, 1410014480238, the, 267
1410014480236, 1410014480239, cow, 134
1410014480237, 1410014480240, jumped, 134
1410014480237, 1410014480240, over, 134
1410014480238, 1410014480241, the, 268
1410014480238, 1410014480242, moon, 134
1410014480337, 1410014480339, the, 269
1410014480337, 1410014480339, cow, 135
1410014480338, 1410014480340, jumped, 135
1410014480338, 1410014480341, over, 135
1410014480339, 1410014480341, the, 270
1410014480339, 1410014480341, moon, 135
1410014480437, 1410014480438, the, 271
1410014480437, 1410014480439, cow, 136
1410014480438, 1410014480440, jumped, 136
1410014480438, 1410014480440, over, 136
1410014480439, 1410014480441, the, 272
1410014480440, 1410014480441, moon, 136
1410014480538, 1410014480538, the, 273
1410014480538, 1410014480539, cow, 137
1410014480538, 1410014480540, jumped, 137
1410014480538, 1410014480540, over, 137
1410014480538, 1410014480541, the, 274
1410014480539, 1410014480541, moon, 137
1410014480638, 1410014480640, the, 275
1410014480638, 1410014480640, cow, 138
1410014480639, 1410014480641, jumped, 138
1410014480639, 1410014480641, over, 138
1410014480640, 1410014480642, the, 276
1410014480640, 1410014480642, moon, 138
1410014480737, 1410014480740, the, 277
1410014480738, 1410014480741, cow, 139
1410014480738, 1410014480742, jumped, 139
1410014480739, 1410014480742, over, 139
1410014480740, 1410014480743, the, 278
1410014480740, 1410014480744, moon, 139
1410014480838, 1410014480840, the, 279
1410014480838, 1410014480841, cow, 140
1410014480839, 1410014480841, jumped, 140
1410014480840, 1410014480842, over, 140
1410014480840, 1410014480842, the, 280
1410014480841, 1410014480843, moon, 140
1410014480939, 1410014480940, the, 281
1410014480939, 1410014480941, cow, 141
1410014480940, 1410014480941, jumped, 141
1410014480940, 1410014480942, over, 141
1410014480941, 1410014480943, the, 282
1410014480941, 1410014480943, moon, 141
1410014481039, 1410014481042, the, 283
1410014481040, 1410014481043, cow, 142
1410014481041, 1410014481043, jumped, 142
1410014481041, 1410014481044, over, 142
1410014481042, 1410014481045, the, 284
1410014481042, 1410014481045, moon, 142
1410014481140, 1410014481141, the, 285
1410014481140, 1410014481142, cow, 143
1410014481141, 1410014481143, jumped, 143
1410014481141, 1410014481143, over, 143
1410014481141, 1410014481144, the, 286
1410014481142, 1410014481144, moon, 143
1410014481241, 1410014481242, the, 287
1410014481241, 1410014481243, cow, 144
1410014481242, 1410014481243, jumped, 144
1410014481242, 1410014481244, over, 144
1410014481242, 1410014481245, the, 288
1410014481243, 1410014481246, moon, 144
1410014481341, 1410014481343, the, 289
1410014481341, 1410014481344, cow, 145
1410014481342, 1410014481345, jumped, 145
1410014481343, 1410014481346, over, 145
1410014481344, 1410014481346, the, 290
1410014481344, 1410014481347, moon, 145
1410014481442, 1410014481444, the, 291
1410014481442, 1410014481445, cow, 146
1410014481443, 1410014481445, jumped, 146
1410014481443, 1410014481446, over, 146
1410014481444, 1410014481447, the, 292
1410014481444, 1410014481448, moon, 146
1410014481542, 1410014481544, the, 293
1410014481542, 1410014481544, cow, 147
1410014481543, 1410014481545, jumped, 147
1410014481543, 1410014481546, over, 147
1410014481544, 1410014481547, the, 294
1410014481545, 1410014481548, moon, 147
1410014481643, 1410014481645, the, 295
1410014481644, 1410014481645, cow, 148
1410014481644, 1410014481646, jumped, 148
1410014481645, 1410014481647, over, 148
1410014481645, 1410014481648, the, 296
1410014481646, 1410014481649, moon, 148
1410014481743, 1410014481745, the, 297
1410014481743, 1410014481746, cow, 149
1410014481744, 1410014481746, jumped, 149
1410014481744, 1410014481747, over, 149
1410014481745, 1410014481748, the, 298
1410014481745, 1410014481749, moon, 149
1410014481844, 1410014481846, the, 299
1410014481844, 1410014481846, cow, 150
1410014481845, 1410014481847, jumped, 150
1410014481845, 1410014481848, over, 150
1410014481846, 1410014481849, the, 300
1410014481846, 1410014481850, moon, 150
1410014481944, 1410014481946, the, 301
1410014481944, 1410014481946, cow, 151
1410014481945, 1410014481947, jumped, 151
1410014481945, 1410014481948, over, 151
1410014481946, 1410014481949, the, 302
1410014481946, 1410014481949, moon, 151
1410014482044, 1410014482047, the, 303
1410014482045, 1410014482047, cow, 152
1410014482046, 1410014482049, jumped, 152
1410014482046, 1410014482049, over, 152
1410014482047, 1410014482050, the, 304
1410014482047, 1410014482051, moon, 152
1410014482145, 1410014482147, the, 305
1410014482145, 1410014482147, cow, 153
1410014482146, 1410014482148, jumped, 153
1410014482146, 1410014482149, over, 153
1410014482147, 1410014482150, the, 306
1410014482147, 1410014482150, moon, 153
1410014482246, 1410014482248, the, 307
1410014482246, 1410014482248, cow, 154
1410014482247, 1410014482249, jumped, 154
1410014482248, 1410014482250, over, 154
1410014482248, 1410014482251, the, 308
1410014482249, 1410014482251, moon, 154
1410014482346, 1410014482348, the, 309
1410014482347, 1410014482349, cow, 155
1410014482347, 1410014482349, jumped, 155
1410014482347, 1410014482350, over, 155
1410014482348, 1410014482351, the, 310
1410014482349, 1410014482352, moon, 155
1410014482446, 1410014482448, the, 311
1410014482446, 1410014482449, cow, 156
1410014482447, 1410014482450, jumped, 156
1410014482447, 1410014482451, over, 156
1410014482448, 1410014482452, the, 312
1410014482448, 1410014482452, moon, 156
1410014482547, 1410014482549, the, 313
1410014482547, 1410014482550, cow, 157
1410014482548, 1410014482551, jumped, 157
1410014482548, 1410014482551, over, 157
1410014482549, 1410014482552, the, 314
1410014482549, 1410014482553, moon, 157
1410014482648, 1410014482650, the, 315
1410014482648, 1410014482650, cow, 158
1410014482649, 1410014482651, jumped, 158
1410014482649, 1410014482652, over, 158
1410014482649, 1410014482652, the, 316
1410014482650, 1410014482652, moon, 158
1410014482747, 1410014482750, the, 317
1410014482748, 1410014482750, cow, 159
1410014482749, 1410014482751, jumped, 159
1410014482749, 1410014482752, over, 159
1410014482750, 1410014482753, the, 318
1410014482751, 1410014482754, moon, 159
1410014482848, 1410014482850, the, 319
1410014482848, 1410014482851, cow, 160
1410014482849, 1410014482851, jumped, 160
1410014482849, 1410014482852, over, 160
1410014482850, 1410014482853, the, 320
1410014482850, 1410014482854, moon, 160
1410014482949, 1410014482951, the, 321
1410014482949, 1410014482952, cow, 161
1410014482950, 1410014482952, jumped, 161
1410014482950, 1410014482952, over, 161
1410014482951, 1410014482953, the, 322
1410014482951, 1410014482954, moon, 161
1410014483048, 1410014483050, the, 323
1410014483049, 1410014483051, cow, 162
1410014483049, 1410014483052, jumped, 162
1410014483050, 1410014483053, over, 162
1410014483050, 1410014483053, the, 324
1410014483051, 1410014483054, moon, 162
1410014483149, 1410014483151, the, 325
1410014483149, 1410014483151, cow, 163
1410014483150, 1410014483152, jumped, 163
1410014483150, 1410014483153, over, 163
1410014483151, 1410014483155, the, 326
1410014483151, 1410014483156, moon, 163
1410014483250, 1410014483252, the, 327
1410014483251, 1410014483253, cow, 164
1410014483252, 1410014483254, jumped, 164
1410014483252, 1410014483255, over, 164
1410014483253, 1410014483255, the, 328
1410014483253, 1410014483256, moon, 164
1410014483351, 1410014483353, the, 329
1410014483351, 1410014483354, cow, 165
1410014483352, 1410014483354, jumped, 165
1410014483352, 1410014483355, over, 165
1410014483352, 1410014483356, the, 330
1410014483353, 1410014483356, moon, 165
1410014483451, 1410014483452, the, 331
1410014483451, 1410014483453, cow, 166
1410014483452, 1410014483454, jumped, 166
1410014483452, 1410014483455, over, 166
1410014483452, 1410014483456, the, 332
1410014483453, 1410014483456, moon, 166
1410014483552, 1410014483554, the, 333
1410014483552, 1410014483555, cow, 167
1410014483553, 1410014483555, jumped, 167
1410014483553, 1410014483556, over, 167
1410014483554, 1410014483557, the, 334
1410014483554, 1410014483557, moon, 167
1410014483652, 1410014483653, the, 335
1410014483652, 1410014483654, cow, 168
1410014483653, 1410014483655, jumped, 168
1410014483653, 1410014483655, over, 168
1410014483654, 1410014483656, the, 336
1410014483654, 1410014483657, moon, 168
1410014483752, 1410014483754, the, 337
1410014483752, 1410014483754, cow, 169
1410014483753, 1410014483755, jumped, 169
1410014483753, 1410014483755, over, 169
1410014483754, 1410014483756, the, 338
1410014483754, 1410014483756, moon, 169
1410014483852, 1410014483854, the, 339
1410014483853, 1410014483854, cow, 170
1410014483853, 1410014483855, jumped, 170
1410014483853, 1410014483856, over, 170
1410014483854, 1410014483856, the, 340
1410014483854, 1410014483857, moon, 170
1410014483953, 1410014483954, the, 341
1410014483953, 1410014483955, cow, 171
1410014483954, 1410014483956, jumped, 171
1410014483954, 1410014483956, over, 171
1410014483955, 1410014483957, the, 342
1410014483955, 1410014483957, moon, 171
1410014484053, 1410014484054, the, 343
1410014484053, 1410014484055, cow, 172
1410014484054, 1410014484055, jumped, 172
1410014484054, 1410014484056, over, 172
1410014484054, 1410014484056, the, 344
1410014484055, 1410014484057, moon, 172
1410014484152, 1410014484154, the, 345
1410014484153, 1410014484155, cow, 173
1410014484154, 1410014484156, jumped, 173
1410014484154, 1410014484156, over, 173
1410014484155, 1410014484157, the, 346
1410014484155, 1410014484158, moon, 173
1410014484254, 1410014484256, the, 347
1410014484254, 1410014484257, cow, 174
1410014484255, 1410014484257, jumped, 174
1410014484255, 1410014484258, over, 174
1410014484256, 1410014484259, the, 348
1410014484256, 1410014484259, moon, 174
1410014484354, 1410014484356, the, 349
1410014484354, 1410014484356, cow, 175
1410014484355, 1410014484357, jumped, 175
1410014484355, 1410014484358, over, 175
1410014484356, 1410014484358, the, 350
1410014484356, 1410014484359, moon, 175
1410014484455, 1410014484457, the, 351
1410014484455, 1410014484457, cow, 176
1410014484456, 1410014484457, jumped, 176
1410014484456, 1410014484458, over, 176
1410014484457, 1410014484459, the, 352
1410014484457, 1410014484459, moon, 176
1410014484554, 1410014484556, the, 353
1410014484555, 1410014484557, cow, 177
1410014484555, 1410014484557, jumped, 177
1410014484556, 1410014484558, over, 177
1410014484557, 1410014484558, the, 354
1410014484557, 1410014484559, moon, 177
1410014484656, 1410014484657, the, 355
1410014484656, 1410014484658, cow, 178
1410014484657, 1410014484659, jumped, 178
1410014484658, 1410014484659, over, 178
1410014484658, 1410014484660, the, 356
1410014484659, 1410014484660, moon, 178
1410014484756, 1410014484757, the, 357
1410014484756, 1410014484758, cow, 179
1410014484757, 1410014484759, jumped, 179
1410014484757, 1410014484759, over, 179
1410014484758, 1410014484759, the, 358
1410014484758, 1410014484760, moon, 179
1410014484857, 1410014484858, the, 359
1410014484857, 1410014484858, cow, 180
1410014484858, 1410014484859, jumped, 180
1410014484858, 1410014484860, over, 180
1410014484859, 1410014484861, the, 360
1410014484859, 1410014484862, moon, 180
1410014484956, 1410014484958, the, 361
1410014484957, 1410014484959, cow, 181
1410014484957, 1410014484960, jumped, 181
1410014484958, 1410014484961, over, 181
1410014484958, 1410014484962, the, 362
1410014484959, 1410014484963, moon, 181
1410014485058, 1410014485060, the, 363
1410014485058, 1410014485061, cow, 182
1410014485059, 1410014485061, jumped, 182
1410014485059, 1410014485061, over, 182
1410014485060, 1410014485062, the, 364
1410014485060, 1410014485063, moon, 182
1410014485157, 1410014485159, the, 365
1410014485158, 1410014485160, cow, 183
1410014485159, 1410014485161, jumped, 183
1410014485159, 1410014485161, over, 183
1410014485160, 1410014485162, the, 366
1410014485160, 1410014485163, moon, 183
1410014485259, 1410014485260, the, 367
1410014485259, 1410014485261, cow, 184
1410014485260, 1410014485262, jumped, 184
1410014485260, 1410014485263, over, 184
1410014485260, 1410014485264, the, 368
1410014485260, 1410014485265, moon, 184
1410014485359, 1410014485361, the, 369
1410014485359, 1410014485361, cow, 185
1410014485360, 1410014485369, jumped, 185
1410014485360, 1410014485370, over, 185
1410014485361, 1410014485370, the, 370
1410014485361, 1410014485370, moon, 185
1410014485460, 1410014485461, the, 371
1410014485460, 1410014485462, cow, 186
1410014485461, 1410014485463, jumped, 186
1410014485461, 1410014485463, over, 186
1410014485462, 1410014485464, the, 372
1410014485462, 1410014485465, moon, 186
1410014485560, 1410014485561, the, 373
1410014485560, 1410014485562, cow, 187
1410014485561, 1410014485563, jumped, 187
1410014485561, 1410014485564, over, 187
1410014485562, 1410014485564, the, 374
1410014485562, 1410014485565, moon, 187
1410014485661, 1410014485662, the, 375
1410014485661, 1410014485662, cow, 188
1410014485662, 1410014485663, jumped, 188
1410014485662, 1410014485664, over, 188
1410014485662, 1410014485664, the, 376
1410014485662, 1410014485665, moon, 188
1410014485761, 1410014485762, the, 377
1410014485761, 1410014485763, cow, 189
1410014485762, 1410014485765, jumped, 189
1410014485762, 1410014485765, over, 189
1410014485763, 1410014485766, the, 378
1410014485764, 1410014485766, moon, 189
1410014485862, 1410014485864, the, 379
1410014485862, 1410014485865, cow, 190
1410014485863, 1410014485866, jumped, 190
1410014485863, 1410014485866, over, 190
1410014485864, 1410014485867, the, 380
1410014485864, 1410014485868, moon, 190
1410014485962, 1410014485964, the, 381
1410014485962, 1410014485965, cow, 191
1410014485963, 1410014485966, jumped, 191
1410014485963, 1410014485966, over, 191
1410014485964, 1410014485967, the, 382
1410014485965, 1410014485968, moon, 191
1410014486062, 1410014486065, the, 383
1410014486063, 1410014486066, cow, 192
1410014486064, 1410014486066, jumped, 192
1410014486064, 1410014486067, over, 192
1410014486064, 1410014486068, the, 384
1410014486065, 1410014486069, moon, 192
1410014486163, 1410014486165, the, 385
1410014486163, 1410014486165, cow, 193
1410014486164, 1410014486166, jumped, 193
1410014486164, 1410014486167, over, 193
1410014486165, 1410014486168, the, 386
1410014486165, 1410014486169, moon, 193
1410014486264, 1410014486265, the, 387
1410014486264, 1410014486266, cow, 194
1410014486265, 1410014486267, jumped, 194
1410014486265, 1410014486267, over, 194
1410014486266, 1410014486267, the, 388
1410014486266, 1410014486268, moon, 194
1410014486364, 1410014486366, the, 389
1410014486364, 1410014486366, cow, 195
1410014486365, 1410014486367, jumped, 195
1410014486365, 1410014486367, over, 195
1410014486366, 1410014486368, the, 390
1410014486366, 1410014486369, moon, 195
1410014486465, 1410014486467, the, 391
1410014486465, 1410014486468, cow, 196
1410014486466, 1410014486469, jumped, 196
1410014486466, 1410014486469, over, 196
1410014486467, 1410014486470, the, 392
1410014486467, 1410014486470, moon, 196
1410014486565, 1410014486567, the, 393
1410014486566, 1410014486568, cow, 197
1410014486566, 1410014486569, jumped, 197
1410014486567, 1410014486569, over, 197
1410014486567, 1410014486570, the, 394
1410014486568, 1410014486570, moon, 197
1410014486666, 1410014486668, the, 395
1410014486667, 1410014486668, cow, 198
1410014486668, 1410014486669, jumped, 198
1410014486668, 1410014486670, over, 198
1410014486668, 1410014486670, the, 396
1410014486668, 1410014486671, moon, 198
1410014486767, 1410014486769, the, 397
1410014486767, 1410014486769, cow, 199
1410014486768, 1410014486770, jumped, 199
1410014486768, 1410014486770, over, 199
1410014486769, 1410014486770, the, 398
1410014486769, 1410014486771, moon, 199
1410014486866, 1410014486868, the, 399
1410014486867, 1410014486869, cow, 200
1410014486867, 1410014486869, jumped, 200
1410014486868, 1410014486870, over, 200
1410014486868, 1410014486870, the, 400
1410014486869, 1410014486871, moon, 200
1410014486967, 1410014486969, the, 401
1410014486968, 1410014486970, cow, 201
1410014486968, 1410014486970, jumped, 201
1410014486969, 1410014486971, over, 201
1410014486969, 1410014486971, the, 402
1410014486970, 1410014486971, moon, 201
1410014487068, 1410014487070, the, 403
1410014487068, 1410014487071, cow, 202
1410014487069, 1410014487071, jumped, 202
1410014487069, 1410014487072, over, 202
1410014487069, 1410014487073, the, 404
1410014487070, 1410014487073, moon, 202
1410014487168, 1410014487169, the, 405
1410014487168, 1410014487170, cow, 203
1410014487169, 1410014487171, jumped, 203
1410014487169, 1410014487171, over, 203
1410014487170, 1410014487172, the, 406
1410014487170, 1410014487173, moon, 203
1410014487268, 1410014487270, the, 407
1410014487269, 1410014487271, cow, 204
1410014487269, 1410014487272, jumped, 204
1410014487270, 1410014487273, over, 204
1410014487270, 1410014487274, the, 408
1410014487271, 1410014487274, moon, 204
1410014487369, 1410014487371, the, 409
1410014487369, 1410014487371, cow, 205
1410014487370, 1410014487372, jumped, 205
1410014487370, 1410014487373, over, 205
1410014487370, 1410014487373, the, 410
1410014487371, 1410014487373, moon, 205
1410014487469, 1410014487470, the, 411
1410014487469, 1410014487471, cow, 206
1410014487469, 1410014487472, jumped, 206
1410014487470, 1410014487473, over, 206
1410014487471, 1410014487474, the, 412
1410014487471, 1410014487475, moon, 206
1410014487570, 1410014487572, the, 413
1410014487570, 1410014487573, cow, 207
1410014487571, 1410014487573, jumped, 207
1410014487571, 1410014487574, over, 207
1410014487572, 1410014487574, the, 414
1410014487572, 1410014487575, moon, 207
1410014487670, 1410014487671, the, 415
1410014487670, 1410014487672, cow, 208
1410014487671, 1410014487673, jumped, 208
1410014487671, 1410014487673, over, 208
1410014487672, 1410014487673, the, 416
1410014487672, 1410014487674, moon, 208
1410014487770, 1410014487771, the, 417
1410014487770, 1410014487772, cow, 209
1410014487771, 1410014487773, jumped, 209
1410014487771, 1410014487773, over, 209
1410014487772, 1410014487775, the, 418
1410014487772, 1410014487775, moon, 209
1410014487870, 1410014487872, the, 419
1410014487870, 1410014487873, cow, 210
1410014487871, 1410014487873, jumped, 210
1410014487871, 1410014487874, over, 210
1410014487872, 1410014487874, the, 420
1410014487873, 1410014487875, moon, 210
1410014487971, 1410014487973, the, 421
1410014487971, 1410014487973, cow, 211
1410014487972, 1410014487974, jumped, 211
1410014487972, 1410014487975, over, 211
1410014487972, 1410014487976, the, 422
1410014487973, 1410014487976, moon, 211
1410014488071, 1410014488072, the, 423
1410014488071, 1410014488073, cow, 212
1410014488072, 1410014488073, jumped, 212
1410014488072, 1410014488075, over, 212
1410014488072, 1410014488075, the, 424
1410014488073, 1410014488076, moon, 212
1410014488172, 1410014488174, the, 425
1410014488172, 1410014488174, cow, 213
1410014488173, 1410014488175, jumped, 213
1410014488173, 1410014488176, over, 213
1410014488174, 1410014488176, the, 426
1410014488174, 1410014488177, moon, 213
1410014488272, 1410014488274, the, 427
1410014488273, 1410014488275, cow, 214
1410014488274, 1410014488276, jumped, 214
1410014488274, 1410014488276, over, 214
1410014488274, 1410014488277, the, 428
1410014488274, 1410014488278, moon, 214
1410014488373, 1410014488375, the, 429
1410014488374, 1410014488376, cow, 215
1410014488374, 1410014488377, jumped, 215
1410014488375, 1410014488377, over, 215
1410014488375, 1410014488378, the, 430
1410014488376, 1410014488379, moon, 215
1410014488473, 1410014488474, the, 431
1410014488473, 1410014488475, cow, 216
1410014488474, 1410014488476, jumped, 216
1410014488474, 1410014488476, over, 216
1410014488475, 1410014488477, the, 432
1410014488475, 1410014488477, moon, 216
1410014488573, 1410014488574, the, 433
1410014488573, 1410014488575, cow, 217
1410014488574, 1410014488576, jumped, 217
1410014488574, 1410014488576, over, 217
1410014488575, 1410014488576, the, 434
1410014488575, 1410014488577, moon, 217
1410014488674, 1410014488676, the, 435
1410014488674, 1410014488677, cow, 218
1410014488675, 1410014488677, jumped, 218
1410014488675, 1410014488678, over, 218
1410014488676, 1410014488679, the, 436
1410014488676, 1410014488679, moon, 218
1410014488775, 1410014488777, the, 437
1410014488775, 1410014488777, cow, 219
1410014488776, 1410014488778, jumped, 219
1410014488776, 1410014488778, over, 219
1410014488777, 1410014488779, the, 438
1410014488777, 1410014488780, moon, 219
1410014488875, 1410014488877, the, 439
1410014488875, 1410014488878, cow, 220
1410014488876, 1410014488878, jumped, 220
1410014488877, 1410014488879, over, 220
1410014488877, 1410014488879, the, 440
1410014488878, 1410014488880, moon, 220
1410014488975, 1410014488978, the, 441
1410014488976, 1410014488979, cow, 221
1410014488976, 1410014488979, jumped, 221
1410014488977, 1410014488980, over, 221
1410014488977, 1410014488981, the, 442
1410014488978, 1410014488981, moon, 221
1410014489076, 1410014489077, the, 443
1410014489076, 1410014489078, cow, 222
1410014489077, 1410014489079, jumped, 222
1410014489077, 1410014489079, over, 222
1410014489078, 1410014489080, the, 444
1410014489078, 1410014489080, moon, 222
1410014489176, 1410014489177, the, 445
1410014489176, 1410014489178, cow, 223
1410014489177, 1410014489179, jumped, 223
1410014489177, 1410014489180, over, 223
1410014489178, 1410014489180, the, 446
1410014489178, 1410014489181, moon, 223
1410014489277, 1410014489278, the, 447
1410014489277, 1410014489279, cow, 224
1410014489278, 1410014489280, jumped, 224
1410014489278, 1410014489280, over, 224
1410014489279, 1410014489281, the, 448
1410014489279, 1410014489281, moon, 224
1410014489377, 1410014489378, the, 449
1410014489377, 1410014489379, cow, 225
1410014489378, 1410014489380, jumped, 225
1410014489378, 1410014489381, over, 225
1410014489379, 1410014489381, the, 450
1410014489379, 1410014489382, moon, 225
1410014489478, 1410014489480, the, 451
1410014489478, 1410014489480, cow, 226
1410014489479, 1410014489481, jumped, 226
1410014489479, 1410014489482, over, 226
1410014489479, 1410014489482, the, 452
1410014489480, 1410014489483, moon, 226
1410014489578, 1410014489580, the, 453
1410014489578, 1410014489580, cow, 227
1410014489578, 1410014489581, jumped, 227
1410014489579, 1410014489582, over, 227
1410014489580, 1410014489583, the, 454
1410014489580, 1410014489584, moon, 227
1410014489679, 1410014489681, the, 455
1410014489679, 1410014489681, cow, 228
1410014489680, 1410014489682, jumped, 228
1410014489680, 1410014489683, over, 228
1410014489681, 1410014489683, the, 456
1410014489681, 1410014489684, moon, 228
1410014489779, 1410014489780, the, 457
1410014489779, 1410014489781, cow, 229
1410014489780, 1410014489782, jumped, 229
1410014489780, 1410014489782, over, 229
1410014489781, 1410014489783, the, 458
1410014489781, 1410014489784, moon, 229
1410014489879, 1410014489880, the, 459
1410014489879, 1410014489881, cow, 230
1410014489880, 1410014489881, jumped, 230
1410014489881, 1410014489882, over, 230
1410014489881, 1410014489883, the, 460
1410014489882, 1410014489884, moon, 230
1410014489979, 1410014489981, the, 461
1410014489980, 1410014489982, cow, 231
1410014489981, 1410014489983, jumped, 231
1410014489981, 1410014489984, over, 231
1410014489982, 1410014489984, the, 462
1410014489982, 1410014489985, moon, 231
1410014490080, 1410014490083, the, 463
1410014490081, 1410014490083, cow, 232
1410014490081, 1410014490085, jumped, 232
1410014490082, 1410014490086, over, 232
1410014490082, 1410014490086, the, 464
1410014490083, 1410014490087, moon, 232
1410014490181, 1410014490182, the, 465
1410014490181, 1410014490183, cow, 233
1410014490182, 1410014490184, jumped, 233
1410014490182, 1410014490185, over, 233
1410014490182, 1410014490185, the, 466
1410014490183, 1410014490185, moon, 233
1410014490281, 1410014490282, the, 467
1410014490281, 1410014490283, cow, 234
1410014490282, 1410014490284, jumped, 234
1410014490282, 1410014490285, over, 234
1410014490283, 1410014490285, the, 468
1410014490283, 1410014490286, moon, 234
