Time, Mps, SystemCpu
0, 2476, 0.0715499103806036
1, 11546, 0.6691919191919191
2, 55012, 0.4217171717171717
3, 64841, 0.32569974554707376
4, 60968, 0.3128205128205128
5, 67192, 0.33078880407124683
6, 67211, 0.3214285714285714
7, 67099, 0.3324937027707809
8, 66736, 0.335
9, 66887, 0.3274111675126904
10, 66372, 0.3273657289002557
11, 66998, 0.326530612244898
12, 63402, 0.3416458852867831
13, 67199, 0.32142857142857145
14, 66944, 0.3248081841432225
15, 67164, 0.3291457286432161
16, 67040, 0.3307888040712468
17, 66350, 0.3239795918367347
18, 62142, 0.3188775510204082
19, 57348, 0.3213367609254499
20, 38896, 0.3223350253807107
21, 41126, 0.3205128205128205
22, 41188, 0.3230769230769231
23, 55113, 0.3408521303258145
24, 60904, 0.32225063938618925
25, 66928, 0.3274111675126904
26, 66979, 0.32575757575757575
27, 66878, 0.3265822784810127
28, 48167, 0.3273657289002558
29, 65438, 0.33078880407124683
30, 65573, 0.3333333333333333
31, 66977, 0.3308080808080808
32, 66874, 0.3256997455470738
33, 66910, 0.3274111675126904
34, 66792, 0.32820512820512826
35, 67087, 0.3213367609254499
36, 66902, 0.3265822784810127
37, 67109, 0.3307888040712468
38, 67181, 0.32564102564102565
39, 66064, 0.33418367346938777
40, 64945, 0.319693094629156
41, 54692, 0.3316582914572864
42, 49214, 0.3299492385786802
43, 67026, 0.3265822784810127
44, 67257, 0.3282828282828283
45, 66854, 0.32558139534883723
46, 67126, 0.33080808080808083
47, 54538, 0.32061068702290074
48, 63460, 0.3265822784810127
49, 38961, 0.3283208020050125
50, 67058, 0.3248730964467005
51, 67030, 0.32299741602067183
52, 67007, 0.32575757575757575
53, 66994, 0.32911392405063294
54, 60442, 0.3224181360201511
55, 67172, 0.32569974554707376
56, 67014, 0.31266149870801035
57, 66817, 0.3248081841432225
58, 66784, 0.33164556962025316
59, 66938, 0.31443298969072164
60, 63779, 0.32569974554707376
61, 66995, 0.33249370277078083
62, 66730, 0.3324937027707809
63, 67158, 0.3205128205128205
64, 67000, 0.3291457286432161
65, 65229, 0.3171355498721228
66, 66007, 0.3299492385786802
67, 66813, 0.31958762886597936
68, 46929, 0.3282442748091603
69, 54883, 0.3239795918367347
70, 66803, 0.32307692307692304
71, 66984, 0.3170103092783505
72, 61606, 0.3223350253807107
73, 35261, 0.31457800511508954
74, 44613, 0.3273657289002557
75, 57111, 0.33249370277078083
76, 66769, 0.32997481108312343
77, 65533, 0.32487309644670054
78, 66747, 0.30989583333333337
79, 66157, 0.3248730964467005
80, 45141, 0.32216494845360827
81, 66977, 0.33249370277078083
82, 67113, 0.31969309462915596
83, 67016, 0.33249370277078083
84, 61030, 0.3223350253807107
85, 66948, 0.3333333333333333
86, 51766, 0.3247422680412371
87, 63051, 0.3239795918367347
88, 66935, 0.3231552162849873
89, 66749, 0.3239795918367347
90, 66874, 0.32487309644670054
91, 66856, 0.3170103092783505
92, 66972, 0.31443298969072164
93, 66921, 0.3274111675126904
94, 66937, 0.3239074550128535
95, 61457, 0.32575757575757575
96, 63266, 0.3170103092783505
97, 53649, 0.3214285714285714
98, 61382, 0.32911392405063294
99, 67363, 0.32741116751269034
100, 64345, 0.319693094629156
101, 42430, 0.3126614987080103
102, 64870, 0.327455919395466
103, 47210, 0.3265822784810127
104, 39898, 0.3152454780361757
105, 66783, 0.3239795918367347
106, 67027, 0.319693094629156
107, 66615, 0.32741116751269034
108, 60373, 0.3239795918367347
109, 49482, 0.3291139240506329
110, 58816, 0.32397959183673475
111, 67066, 0.32397959183673475
112, 67087, 0.3248730964467005
113, 66702, 0.3205128205128205
114, 58267, 0.3282828282828283
115, 41676, 0.3282828282828283
116, 66933, 0.3282442748091603
117, 66868, 0.33078880407124683
118, 67126, 0.31794871794871793
119, 44365, 0.32225063938618925
120, 40487, 0.3230769230769231
121, 48075, 0.32911392405063294
122, 66522, 0.3333333333333333
123, 46978, 0.3161953727506427
124, 38290, 0.32142857142857145
125, 40549, 0.3224181360201511
126, 66922, 0.32997481108312343
127, 66271, 0.3265822784810127
128, 66881, 0.3282442748091603
129, 46435, 0.3239795918367347
130, 66839, 0.32575757575757575
131, 64749, 0.3282828282828283
132, 41431, 0.3120204603580563
133, 51672, 0.31887755102040816
134, 67061, 0.3170103092783505
135, 66800, 0.3161953727506427
136, 51120, 0.3274111675126904
137, 60134, 0.3375
138, 45566, 0.3153846153846154
139, 51655, 0.33078880407124683
140, 48842, 0.3230769230769231
141, 64186, 0.32997481108312343
142, 45422, 0.3240506329113924
143, 65081, 0.33080808080808083
144, 39533, 0.3197969543147208
145, 65119, 0.33248081841432225
146, 67086, 0.3221649484536082
147, 66769, 0.34328358208955223
148, 60720, 0.3170103092783505
149, 44394, 0.326530612244898
150, 55904, 0.3282442748091603
151, 38762, 0.3168831168831169
152, 53190, 0.32225063938618925
153, 63659, 0.3248081841432225
154, 66309, 0.32564102564102565
155, 43004, 0.3282828282828283
156, 66606, 0.3333333333333333
157, 52069, 0.3358395989974937
158, 67134, 0.3282828282828283
159, 66984, 0.32480818414322254
160, 66934, 0.32142857142857145
161, 64300, 0.3256997455470738
162, 48662, 0.33249370277078083
163, 55928, 0.3161953727506427
164, 39206, 0.32487309644670054
165, 64224, 0.33164556962025316
166, 67197, 0.3171355498721228
167, 61978, 0.3366834170854271
168, 66804, 0.3118556701030928
169, 47801, 0.3239795918367347
170, 67127, 0.3366583541147132
171, 67291, 0.33080808080808083
172, 65297, 0.3350125944584383
173, 65183, 0.3282828282828283
174, 66586, 0.32390745501285345
175, 67067, 0.33080808080808083
176, 66583, 0.32997481108312343
177, 66809, 0.3239795918367347
178, 64302, 0.32051282051282054
179, 51034, 0.31876606683804626
180, 67045, 0.33076923076923076
181, 67094, 0.3324937027707809
182, 67151, 0.3358395989974937
183, 66938, 0.32487309644670054
184, 67296, 0.31619537275064263
185, 67010, 0.3324937027707809
186, 66942, 0.3247422680412371
187, 50104, 0.3161953727506427
188, 46603, 0.31619537275064263
189, 66870, 0.31958762886597936
190, 67006, 0.3128205128205128
191, 61216, 0.3265822784810127
192, 66987, 0.34005037783375314
193, 66887, 0.3239795918367347
194, 47285, 0.3240506329113924
195, 39169, 0.3291139240506329
196, 37336, 0.31632653061224486
197, 57573, 0.3350125944584383
198, 37102, 0.32142857142857145
199, 62298, 0.33249370277078083
200, 59035, 0.319693094629156
201, 39913, 0.3274111675126904
202, 57962, 0.3274111675126904
203, 66884, 0.32997481108312343
204, 66954, 0.3214285714285714
205, 47761, 0.32061068702290074
206, 63734, 0.3128205128205128
207, 67190, 0.3291139240506329
208, 67152, 0.31794871794871793
209, 67096, 0.33333333333333337
210, 66607, 0.3161953727506427
211, 65266, 0.3231552162849873
212, 66947, 0.3282828282828283
213, 55807, 0.319693094629156
214, 56433, 0.32225063938618925
215, 65941, 0.32564102564102565
216, 62858, 0.3299492385786802
217, 66921, 0.32307692307692304
218, 66992, 0.32575757575757575
219, 66920, 0.32225063938618925
220, 67224, 0.32908163265306123
221, 49581, 0.31958762886597936
222, 59489, 0.3256997455470738
223, 66600, 0.3231552162849873
224, 66882, 0.3221649484536082
225, 66780, 0.3282442748091603
226, 42790, 0.3249370277078086
227, 37921, 0.3170103092783505
228, 38418, 0.3282828282828283
229, 65300, 0.32397959183673475
230, 66969, 0.31794871794871793
231, 67081, 0.32575757575757575
232, 66993, 0.32997481108312343
233, 67507, 0.33164556962025316
234, 65804, 0.3265822784810127
235, 62826, 0.319693094629156
236, 66817, 0.3316582914572864
237, 66856, 0.32908163265306123
238, 65375, 0.33078880407124683
239, 55353, 0.326478149100257
240, 59764, 0.32741116751269034