Time, Mps, SystemCpu
0, 0, 1
1, 69686, 0.7286585365853658
2, 725026, 0.44729907773386035
3, 740366, 0.4534038334434898
4, 752009, 0.4339622641509434
5, 716661, 0.48232154769846564
6, 735232, 0.44651162790697674
7, 755303, 0.4325767690253671
8, 756222, 0.42961004626569727
9, 745292, 0.43117408906882587
10, 746059, 0.4440745672436751
11, 747946, 0.4320905459387483
12, 749381, 0.4273275284661755
13, 754106, 0.4225352112676056
14, 736980, 0.431438127090301
15, 757388, 0.4375
16, 738806, 0.4513333333333333
17, 746631, 0.4291417165668663
18, 746052, 0.4418758256274769
19, 739660, 0.44393139841688656
20, 746763, 0.4340878828229028
21, 745157, 0.42923898531375165
22, 741289, 0.4299065420560748
23, 752618, 0.42543275632490013
24, 740330, 0.438292194796531
25, 742328, 0.4353333333333333
26, 751541, 0.44047619047619047
27, 746930, 0.4340622929092114
28, 747709, 0.42245989304812837
29, 729822, 0.43154362416107384
30, 745444, 0.4338482202820685
31, 728173, 0.436
32, 752710, 0.4232558139534884
33, 746519, 0.43393695506371566
34, 755528, 0.4369250985545335
35, 769018, 0.41937624419376246
36, 761033, 0.44473684210526315
37, 744335, 0.44540039708802115
38, 753579, 0.4431818181818182
39, 753259, 0.41711590296495954
40, 752368, 0.4199335548172758
41, 744444, 0.44273275284661756
42, 740445, 0.4493712772998014
43, 753677, 0.4177215189873418
44, 746956, 0.431909212283044
45, 740537, 0.4277148567621586
46, 748895, 0.4149293880295898
47, 742237, 0.40620782726045884
48, 748482, 0.42923898531375165
49, 750909, 0.42361574382921946
50, 743981, 0.4258760107816712
51, 754185, 0.4309651474530831
52, 758135, 0.42021276595744683
53, 748729, 0.42971887550200805
54, 750036, 0.4168900804289545
55, 748768, 0.4318936877076412
56, 744266, 0.442753143613501
57, 746109, 0.4408817635270541
58, 753973, 0.4263824117255163
59, 750062, 0.42185430463576157
60, 747388, 0.4353019243530193
61, 749064, 0.42538825118163404
62, 753999, 0.43861977438619776
63, 745980, 0.4324683965402528
64, 747566, 0.42384105960264895
65, 737728, 0.4370860927152318
66, 744269, 0.44021376085504343
67, 746683, 0.4099462365591398
68, 746623, 0.4377059986816085
69, 740164, 0.4326666666666667
70, 748260, 0.41611185086551267
71, 755089, 0.43359893758300133
72, 750140, 0.4163890739506995
73, 749811, 0.4229993275050437
74, 739625, 0.45030020013342226
75, 745538, 0.4326476443264764
76, 744637, 0.42895263509006004
77, 750120, 0.43057409879839786
78, 750996, 0.4149293880295898
79, 740053, 0.42914438502673796
80, 746504, 0.4209827357237716
81, 764584, 0.4447385837193911
82, 740223, 0.4337748344370861
83, 738788, 0.4436290860573716
84, 741127, 0.4342548887390425
85, 745879, 0.4304723885562209
86, 746972, 0.4397068620919387
87, 759558, 0.4325581395348837
88, 742480, 0.433003300330033
89, 739718, 0.44066666666666665
90, 748956, 0.4312541918175721
91, 738560, 0.44940079893475365
92, 749332, 0.4172806430006698
93, 741089, 0.4304461942257218
94, 738913, 0.43536503683858
95, 752156, 0.42572944297082227
96, 741926, 0.4192900200937709
97, 749622, 0.42857142857142855
98, 749768, 0.41688829787234044
99, 748225, 0.42638241172551633
100, 743417, 0.45105820105820105
101, 742949, 0.4441489361702127
102, 748242, 0.43387314439946023
103, 747938, 0.423963133640553
104, 744204, 0.41899070385126164
105, 747402, 0.44
106, 726058, 0.4394141145139814
107, 754110, 0.43658210947930576
108, 742521, 0.4309428950863214
109, 763188, 0.41466666666666663
110, 759173, 0.4299933642999336
111, 744508, 0.44161073825503355
112, 749327, 0.41644562334217505
113, 743335, 0.43163538873994634
114, 746880, 0.4286671131949096
115, 755839, 0.42006688963210703
116, 743051, 0.43530192435301923
117, 747745, 0.4389920424403183
118, 754055, 0.42762723066754793
119, 739095, 0.42790697674418604
120, 746100, 0.43
121, 744421, 0.4209459459459459
122, 752500, 0.42971887550200805
123, 746221, 0.42083897158322053
124, 739474, 0.4223684210526316
125, 744570, 0.41855807743658213
126, 744979, 0.43364611260053615
127, 747105, 0.4283810792804797
128, 725848, 0.428
129, 724874, 0.43
130, 725910, 0.4361204013377926
131, 725833, 0.4138627187079408
132, 734650, 0.42980132450331127
133, 723368, 0.42819324950363996
134, 728939, 0.43331121433311215
135, 727132, 0.4342629482071713
136, 731567, 0.4290473017988008
137, 730381, 0.42638241172551633
138, 724933, 0.4272425249169435
139, 728499, 0.43382352941176466
140, 724829, 0.4201065246338216
141, 733720, 0.42486702127659576
142, 727466, 0.4376237623762376
143, 727038, 0.42348284960422167
144, 728942, 0.4292421193829644
145, 723149, 0.42186452045606976
146, 728115, 0.44641683103221563
147, 725515, 0.4299191374663073
148, 727939, 0.42637215528781797
149, 727826, 0.44666666666666666
150, 724967, 0.43481138318994045
151, 723884, 0.42013422818791946
152, 733140, 0.4127946127946128
153, 724408, 0.41235728676964406
154, 738204, 0.44437129690585914
155, 722245, 0.4345514950166113
156, 719465, 0.43733333333333335
157, 721668, 0.4239350912778904
158, 735135, 0.4251497005988024
159, 727767, 0.4205607476635514
160, 732486, 0.4342629482071713
161, 736926, 0.4328457446808511
162, 735600, 0.4138851802403204
163, 734504, 0.4241402562373567
164, 738926, 0.4354731965585705
165, 732773, 0.4218958611481976
166, 725701, 0.4300134589502019
167, 734050, 0.43064729194187584
168, 733056, 0.4224021592442645
169, 727049, 0.42924211938296447
170, 730330, 0.4240422721268164
171, 731857, 0.4362057448229793
172, 722732, 0.4335337341349365
173, 732830, 0.423956931359354
174, 721087, 0.4249329758713137
175, 730840, 0.4210526315789474
176, 726756, 0.4365079365079365
177, 733921, 0.4075067024128687
178, 730934, 0.43593130779392336
179, 722416, 0.43516042780748665
180, 732230, 0.42013422818791946
181, 730075, 0.43836519446275546
182, 730227, 0.40954942837928715
183, 727362, 0.4337990685296075
184, 722143, 0.4512516469038208
185, 716194, 0.42343541944074564
186, 730526, 0.43550531914893614
187, 732354, 0.43720930232558136
188, 717350, 0.4238985313751669
189, 727536, 0.43626806833114323
190, 723835, 0.4255177020708083
191, 729895, 0.4366290643662907
192, 731984, 0.4363036303630363
193, 723299, 0.4367130550033134
194, 719407, 0.42384105960264895
195, 730604, 0.43708165997322623
196, 731128, 0.4402390438247012
197, 721713, 0.4357950765136394
198, 730484, 0.41505662891405726
199, 728986, 0.42524916943521596
200, 727485, 0.4212283044058745
201, 735980, 0.4105827193569993
202, 724633, 0.4177807486631016
203, 730308, 0.4313462826523778
204, 728854, 0.43654485049833885
205, 726292, 0.43331121433311215
206, 718375, 0.41172506738544473
207, 722969, 0.4218958611481976
208, 718166, 0.4123989218328841
209, 734101, 0.4279038718291055
210, 730346, 0.43741765480895917
211, 726277, 0.44121532364597094
212, 725436, 0.43432343234323434
213, 737004, 0.4304635761589404
214, 723742, 0.43359893758300133
215, 729354, 0.4324683965402529
216, 736928, 0.42297476759628155
217, 735041, 0.42105263157894735
218, 725600, 0.4335337341349365
219, 727060, 0.4250334672021419
220, 723388, 0.4272425249169435
221, 733248, 0.4340878828229028
222, 730559, 0.42809587217043943
223, 722244, 0.42991281019450034
224, 724406, 0.4180602006688963
225, 729154, 0.43124165554072097
226, 733703, 0.4288577154308617
227, 727694, 0.4246483590087073
228, 718752, 0.40681362725450904
229, 731291, 0.4134680134680135
230, 726647, 0.42217768871075484
231, 731474, 0.4215885947046843
232, 729734, 0.4261744966442953
233, 725862, 0.42571618920719523
234, 732876, 0.4428288169200264
235, 721281, 0.4363757495003331
236, 726629, 0.4323784143904064
237, 725337, 0.4209472981987992
238, 722648, 0.43293492695883135
239, 728465, 0.4362908605737158
240, 727319, 0.4313984168865435