Time, Mps, SystemCpu
0, 4240, 0.10114467074280832
1, 72134, 0.9886234357224118
2, 144983, 0.9444444444444444
3, 156921, 0.941025641025641
4, 137961, 0.948051948051948
5, 151884, 0.9419191919191919
6, 142663, 0.9338235294117647
7, 161370, 0.948051948051948
8, 154043, 0.9510309278350515
9, 148162, 0.9545454545454546
10, 116612, 0.9641943734015346
11, 147044, 0.9360613810741687
12, 147110, 0.9666666666666667
13, 134988, 0.9638242894056848
14, 152803, 0.9617346938775511
15, 110530, 0.9618320610687023
16, 120750, 0.9581151832460733
17, 161616, 0.9586563307493541
18, 122093, 0.9521410579345089
19, 128431, 0.9511568123393316
20, 155506, 0.9473684210526315
21, 129623, 0.9606299212598426
22, 150012, 0.9547738693467337
23, 149224, 0.9559902200488998
24, 155682, 0.9571788413098237
25, 149016, 0.9553349875930521
26, 150992, 0.9573934837092732
27, 134027, 0.9581151832460733
28, 148079, 0.9510309278350515
29, 141562, 0.9427860696517413
30, 150484, 0.9558441558441558
31, 132626, 0.9597989949748744
32, 146822, 0.952020202020202
33, 152764, 0.9562982005141387
34, 139654, 0.9462915601023019
35, 145450, 0.9489795918367347
36, 152535, 0.9527363184079602
37, 152693, 0.9545454545454545
38, 121949, 0.9502617801047121
39, 133957, 0.9540816326530612
40, 156363, 0.9584415584415584
41, 142686, 0.9633507853403142
42, 126880, 0.9544303797468354
43, 141472, 0.9489795918367347
44, 151053, 0.9544303797468354
45, 130995, 0.9525000000000001
46, 142278, 0.9383033419023137
47, 141311, 0.9664082687338502
48, 132887, 0.9491094147582697
49, 154417, 0.9483204134366925
50, 117449, 0.9546599496221662
51, 150169, 0.9523809523809523
52, 93580, 0.9689119170984456
53, 163201, 0.9300518134715026
54, 134492, 0.9577836411609499
55, 129043, 0.9544303797468354
56, 135309, 0.9561855670103093
57, 131543, 0.947103274559194
58, 129807, 0.945273631840796
59, 123415, 0.952020202020202
60, 144673, 0.9483204134366925
61, 164987, 0.9453125
62, 143504, 0.9440203562340967
63, 163713, 0.949238578680203
64, 156043, 0.9496221662468514
65, 137308, 0.9672544080604534
66, 159659, 0.945137157107232
67, 171988, 0.9509043927648579
68, 143189, 0.9622166246851385
69, 146989, 0.9637305699481866
70, 138724, 0.948849104859335
71, 139235, 0.9425
72, 170142, 0.9575
73, 166687, 0.9572864321608041
74, 147202, 0.9643765903307888
75, 166780, 0.9555555555555555
76, 121826, 0.9529702970297029
77, 161144, 0.945
78, 155136, 0.9605911330049262
79, 146284, 0.961439588688946
80, 155926, 0.9604938271604938
81, 140876, 0.9527559055118111
82, 143567, 0.9319371727748691
83, 133378, 0.9595959595959596
84, 147714, 0.9375
85, 139094, 0.9444444444444444
86, 157151, 0.9570707070707071
87, 127978, 0.9426433915211969
88, 163144, 0.9437340153452686
89, 140346, 0.9285714285714286
90, 146239, 0.9554973821989529
91, 125002, 0.9468354430379747
92, 150635, 0.941025641025641
93, 138233, 0.9478908188585609
94, 140335, 0.9341772151898735
95, 96028, 0.9717948717948718
96, 177248, 0.9432098765432099
97, 148238, 0.9552238805970149
98, 139628, 0.9434447300771207
99, 120275, 0.9443037974683544
100, 142444, 0.9560723514211886
101, 140949, 0.9559585492227979
102, 151680, 0.9546599496221662
103, 161932, 0.9615384615384615
104, 139151, 0.9462915601023018
105, 130707, 0.952755905511811
106, 142556, 0.9507772020725388
107, 140742, 0.9348958333333333
108, 131883, 0.9408740359897172
109, 136374, 0.9635416666666666
110, 128999, 0.9435483870967742
111, 122270, 0.9523809523809523
112, 151955, 0.9577114427860697
113, 143035, 0.9373368146214099
114, 125471, 0.9454545454545454
115, 147363, 0.9640102827763497
116, 131431, 0.95822454308094
117, 124186, 0.9521410579345088
118, 144952, 0.9505208333333333
119, 125214, 0.9381188118811881
120, 137010, 0.949367088607595
121, 142858, 0.9451697127937336
122, 132475, 0.9395465994962218
123, 132020, 0.9424999999999999
124, 138845, 0.9321148825065274
125, 118843, 0.9591836734693877
126, 137631, 0.9583333333333334
127, 127066, 0.9511568123393316
128, 132471, 0.9509043927648579
129, 154421, 0.9560723514211886
130, 134118, 0.9523809523809523
131, 127378, 0.9491094147582697
132, 147709, 0.9646464646464648
133, 142138, 0.9669211195928753
134, 140839, 0.9510309278350515
135, 126154, 0.9455958549222798
136, 124178, 0.9530864197530864
137, 126479, 0.9548693586698337
138, 149074, 0.9538461538461538
139, 123464, 0.9544364508393286
140, 132435, 0.9434447300771208
141, 135030, 0.9596977329974812
142, 140415, 0.9569620253164557
143, 145183, 0.9577836411609499
144, 131476, 0.958974358974359
145, 144540, 0.9576719576719577
146, 123460, 0.9559902200488998
147, 152860, 0.9425587467362924
148, 134366, 0.9458762886597938
149, 134162, 0.9355670103092784
150, 130741, 0.9589743589743589
151, 142043, 0.9465648854961832
152, 145078, 0.9464285714285714
153, 134826, 0.9417989417989417
154, 129934, 0.9524999999999999
155, 132779, 0.9481865284974094
156, 147171, 0.9537275064267352
157, 157635, 0.9477806788511749
158, 140319, 0.9475
159, 155563, 0.9464285714285714
160, 149937, 0.9612403100775194
161, 146935, 0.9543147208121827
162, 131311, 0.9536082474226805
163, 142849, 0.9533678756476685
164, 141652, 0.9565217391304348
165, 137906, 0.9407216494845361
166, 140727, 0.96
167, 150943, 0.9537275064267352
168, 122529, 0.9516539440203562
169, 145730, 0.9457364341085271
170, 150410, 0.9341772151898735
171, 156231, 0.9373433583959899
172, 130925, 0.9517766497461929
173, 147965, 0.946524064171123
174, 156005, 0.9625935162094763
175, 123809, 0.9620253164556962
176, 154121, 0.9413265306122449
177, 117251, 0.9424083769633508
178, 132343, 0.9476439790575917
179, 137160, 0.9408740359897172
180, 145907, 0.9534883720930232
181, 141016, 0.948849104859335
182, 129296, 0.9462915601023019
183, 125006, 0.9503916449086163
184, 119843, 0.959079283887468
185, 149665, 0.9398496240601504
186, 138233, 0.9510309278350516
187, 118558, 0.9433198380566803
188, 188829, 0.9416243654822336
189, 133936, 0.957070707070707
190, 159089, 0.9477806788511749
191, 154010, 0.9509043927648578
192, 118515, 0.9393939393939394
193, 150444, 0.9548872180451127
194, 153613, 0.9585492227979274
195, 99216, 0.9581151832460733
196, 150464, 0.9600997506234414
197, 151506, 0.9516539440203562
198, 130918, 0.9625
199, 140127, 0.9553349875930521
200, 149818, 0.9505208333333334
201, 137107, 0.9556650246305418
202, 150893, 0.934010152284264
203, 140777, 0.9411764705882353
204, 161745, 0.9605911330049262
205, 125993, 0.9515306122448979
206, 141969, 0.9408740359897172
207, 137031, 0.9464285714285714
208, 155697, 0.9617346938775511
209, 130189, 0.9536082474226804
210, 129434, 0.9593908629441625
211, 148935, 0.9538461538461538
212, 148655, 0.9596977329974811
213, 138862, 0.9413265306122449
214, 142894, 0.9457364341085271
215, 134291, 0.948019801980198
216, 150027, 0.961734693877551
217, 142720, 0.938618925831202
218, 126535, 0.9568527918781726
219, 129263, 0.957070707070707
220, 150588, 0.9522613065326633
221, 136565, 0.9514066496163683
222, 149597, 0.948849104859335
223, 133715, 0.9543147208121827
224, 133712, 0.9517766497461929
225, 130949, 0.9512820512820512
226, 139486, 0.958005249343832
227, 142653, 0.9465648854961832
228, 138801, 0.9471032745591939
229, 145168, 0.9379844961240311
230, 117497, 0.9543147208121827
231, 138425, 0.9389920424403182
232, 125871, 0.957070707070707
233, 139433, 0.9571788413098237
234, 114478, 0.9605263157894737
235, 151626, 0.9428571428571428
236, 124030, 0.9601990049751243
237, 146901, 0.9491094147582697
238, 132681, 0.9376558603491272
239, 153498, 0.9404145077720207
240, 108247, 0.9481865284974093