Time, Mps
0, 724
1, 586
2, 1326
3, 475
4, 1829
5, 1198
6, 1448
7, 1054
8, 1134
9, 1367
10, 1055
11, 1093
12, 1377
13, 715
14, 1033
15, 1264
16, 922
17, 1010
18, 1176
19, 834
20, 982
21, 886
22, 839
23, 923
24, 760
25, 879
26, 713
27, 790
28, 684
29, 852
30, 482
31, 868
32, 715
33, 767
34, 719
35, 679
36, 744
37, 638
38, 696
39, 655
40, 695
41, 637
42, 737
43, 696
44, 674
45, 697
46, 449
47, 671
48, 653
49, 578
50, 643
51, 595
52, 627
53, 623
54, 566
55, 592
56, 520
57, 608
58, 588
59, 550
60, 559
61, 568
62, 497
63, 549
64, 544
65, 505
66, 523
67, 515
68, 301
69, 512
70, 508
71, 471
72, 517
73, 510
74, 490
75, 504
76, 499
77, 498
78, 449
79, 475
80, 471
81, 459
82, 470
83, 474
84, 414
85, 447
86, 455
87, 456
88, 451
89, 474
90, 466
91, 374
92, 464
93, 458
94, 455
95, 423
96, 444
97, 443
98, 424
99, 440
100, 435
101, 434
102, 418
103, 427
104, 419
105, 414
106, 408
107, 433
108, 431
109, 418
110, 426
111, 415
112, 404
113, 257
114, 414
115, 409
116, 411
117, 403
118, 401
119, 395
120, 393
121, 385
122, 396
123, 404
124, 401
125, 401
126, 397
127, 396
128, 391
129, 370
130, 390
131, 397
132, 383
133, 366
134, 382
135, 383
136, 385
137, 369
138, 315
139, 314
140, 317
141, 330
142, 251
143, 313
144, 315
145, 342
146, 347
147, 346
148, 347
149, 344
150, 379
151, 359
152, 382
153, 382
154, 379
155, 364
156, 376
157, 375
158, 372
159, 360
160, 380
161, 370
162, 378
163, 371
164, 370
165, 373
166, 374
167, 367
168, 360
169, 340
170, 330
171, 330
172, 320
173, 330
174, 355
175, 356
176, 363
177, 346
178, 362
179, 362
180, 358
181, 268
182, 319
183, 350
184, 353
185, 334
186, 346
187, 348
188, 349
189, 339
190, 334
191, 349
192, 342
193, 346
194, 351
195, 333
196, 347
197, 340
198, 337
199, 329
200, 320
201, 328
202, 330
203, 324
204, 304
205, 331
206, 328
207, 313
208, 323
209, 311
210, 328
211, 327
212, 328
213, 323
214, 286
215, 325
216, 323
217, 294
218, 285
219, 297
220, 319
221, 320
222, 316
223, 316
224, 313
225, 311
226, 315
227, 316
228, 316
229, 308
230, 310
231, 312
232, 311
233, 311
234, 295
235, 310
236, 312
237, 308
238, 306
239, 295
240, 306
241, 305
242, 302
243, 303
244, 289
245, 301
246, 301
247, 306
248, 303
249, 278
250, 303
251, 300
252, 298
253, 287
254, 293
255, 299
256, 295
257, 293
258, 288
259, 295
260, 280
261, 288
262, 296
263, 296
264, 296
265, 295
266, 294
267, 277
268, 248
269, 248
270, 250
271, 241
272, 237
273, 242
274, 243
275, 242
276, 246
277, 246
278, 244
279, 240
280, 242
281, 245
282, 243
283, 244
284, 209
285, 241
286, 246
287, 240
288, 243
289, 243
290, 241
291, 241
292, 237
293, 242
294, 236
295, 240
296, 241
297, 230
298, 236
299, 238
300, 240
301, 236
302, 239
303, 225
304, 239
305, 238
306, 235
307, 235
308, 234
309, 234
310, 228
311, 235
312, 239
313, 236
314, 238
315, 234
316, 215
317, 242
318, 231
319, 234
320, 234
321, 237
322, 235
323, 225
324, 232
325, 232
326, 230
327, 230
328, 234
329, 231
330, 222
331, 232
332, 229
333, 231
334, 227
335, 230
336, 230
337, 183
338, 226
339, 226
340, 225
341, 225
342, 225
343, 225
344, 226
345, 224
346, 226
347, 222
348, 214
349, 226
350, 225
351, 211
352, 226
353, 223
354, 223
355, 215
356, 220
357, 214
358, 221
359, 224
360, 224
361, 220
362, 223
363, 219
364, 221
365, 217
366, 220
367, 220
368, 220
369, 221
370, 220
371, 218
372, 211
373, 219
374, 220
375, 218
376, 218
377, 220
378, 217
379, 209
380, 218
381, 235
382, 239
383, 239
384, 240
385, 222
386, 238
387, 238
388, 238
389, 238
390, 239
391, 240
392, 230
393, 236
394, 236
395, 235
396, 233
397, 232
398, 231
399, 234
400, 229
401, 229
402, 229
403, 228
404, 227
405, 226
406, 229
407, 235
408, 231
409, 233
410, 229
411, 235
412, 224
413, 229
414, 230
415, 230
416, 225
417, 226
418, 231
419, 226
420, 223
421, 222
422, 224
423, 228
424, 221
425, 211
426, 220
427, 220
428, 224
429, 224
430, 220
431, 217
432, 211
433, 144
434, 218
435, 219
436, 217
437, 217
438, 218
439, 222
440, 222
441, 218
442, 221
443, 216
444, 221
445, 218
446, 215
447, 220
448, 217
449, 222
450, 218
451, 218
452, 221
453, 220
454, 218
455, 218
456, 217
457, 221
458, 219
459, 219
460, 216
461, 220
462, 217
463, 223
464, 218
465, 216
466, 216
467, 221
468, 211
469, 213
470, 213
471, 212
472, 217
473, 210
474, 212
475, 212
476, 173
477, 213
478, 215
479, 211
480, 211
481, 213
482, 212
483, 214
484, 209
485, 208
486, 211
487, 210
488, 206
489, 205
490, 204
491, 203
492, 209
493, 205
494, 207
495, 210
496, 207
497, 207
498, 191
499, 201
500, 202
501, 204
502, 204
503, 203
504, 208
505, 218
506, 210
507, 217
508, 217
509, 216
510, 220
511, 222
512, 219
513, 209
514, 221
515, 222
516, 221
517, 218
518, 215
519, 217
520, 210
521, 212
522, 214
523, 215
524, 214
525, 218
526, 215
527, 219
528, 220
529, 215
530, 217
531, 216
532, 218
533, 214
534, 219
535, 207
536, 211
537, 208
538, 207
539, 206
540, 207
541, 208
542, 161
543, 205
544, 209
545, 207
546, 207
547, 212
548, 209
549, 208
550, 208
551, 209
552, 210
553, 207
554, 207
555, 206
556, 207
557, 196
558, 207
559, 205
560, 200
561, 206
562, 207
563, 208
564, 209
565, 201
566, 211
567, 210
568, 208
569, 207
570, 203
571, 202
572, 206
573, 195
574, 196
575, 187
576, 188
577, 186
578, 187
579, 188
580, 169
581, 173
582, 187
583, 186
584, 187
585, 182
586, 184
587, 184
588, 180
589, 143
590, 176
591, 182
592, 183
593, 187
594, 177
595, 177
596, 176
597, 194
598, 198
599, 203
600, 199
601, 201
602, 200
603, 202
604, 201
605, 199
606, 200
607, 198
608, 200
609, 199
610, 197
611, 197
612, 200
613, 187
614, 196
615, 203
616, 202
617, 203
618, 205
619, 201
620, 200
621, 197
622, 201
623, 201
624, 199
625, 201
626, 205
627, 199
628, 198
629, 188
630, 203
631, 201
632, 199
633, 199
634, 198
635, 200
636, 197
637, 196
638, 198
639, 198
640, 196
641, 196
642, 197
643, 194
644, 194
645, 199
646, 198
647, 195
648, 195
649, 188
650, 193
651, 200
652, 192
653, 195
654, 195
655, 193
656, 186
657, 193
658, 194
659, 194
660, 180
661, 174
662, 193
663, 194
664, 197
665, 196
666, 194
667, 192
668, 189
